scores-1
0.844
0.848
0.929
-1
-1
0.885
0.833
0.603
-1
0.719
-1
0.824
0.412
-1
0.499
0.765
0.628
0.811
0.561
-1
-1
-1
-1
-1
-1
0.544
-1
0.603
0.824
0.253
0.469
-1
-1
0.688
0.7
-1
-1
0.203
0.713
-1
0.738
0.573
0.535
0.652
0.515
0.848
0.811
0.652
-1
0.929
-1
-1
-1
-1
0.552
-1
-1
-1
-1
0.469
0.708
-1
0.349
-1
-1
0.324
-1
-1
-1
-1
0.828
-1
0.688
-1
0.203
0.261
-1
0.403
-1
0.652
0.896
-1
-1
0.811
0.633
0.896
-1
-1
0.718
-1
0.469
-1
0.519
-1
0.75
0.75
-1
0.75
-1
-1
0.621
0.824
0.074
-1
0.896
0.824
0.929
0.765
0.828
-1
-1
-1
-1
-1
-1
0.765
0.756
0.544
0.812
0.656
-1
0.672
-1
0.203
-1
0.594
-1
-1
-1
-1
-1
-1
0.667
-1
-1
0.074
0.922
0.719
0.703
-1
0.911
0.828
-1
-1
0.86
-1
0.652
-1
0.848
0.76
-1
-1
0.684
0.652
0.811
0.485
0.811
-1
0.76
0.573
-1
-1
-1
0.203
-1
-1
0.203
0.911
0.811
0.789
0.868
0.929
-1
-1
-1
-1
-1
-1
0.929
-1
-1
-1
0.853
0.929
0.929
-1
0.738
-1
0.469
-1
-1
0.453
0.203
-1
0.929
0.574
0.413
0.656
-1
0.672
-1
-1
-1
-1
0.85
0.469
-1
0.621
0.738
-1
0.678
0.738
0.812
-1
0.712
0.573
0.672
0.561
0.537
0.652
0.911
0.603
0.469
0.812
0.652
-1
-1
-1
0.561
0.844
-1
0.469
-1
-1
-1
-1
-1
-1
0.75
0.844
0.652
-1
0.922
0.484
0.896
0.812
-1
0.731
0.75
-1
0.603
0.656
0.738
-1
-1
0.833
0.824
-1
-1
0.812
-1
0.441
-1
0.752
-1
0.226
0.547
0.544
-1
-1
0.557
0.652
0.75
0.863
0.621
0.844
-1
-1
-1
0.824
-1
-1
-1
-1
-1
0.702
0.403
-1
-1
0.765
0.603
0.833
-1
0.47
0.765
0.656
0.652
-1
0.833
-1
-1
0.848
0.472
0.672
-1
0.738
0.812
0.885
0.621
0.828
0.662
-1
-1
0.765
0.469
0.848
0.503
-1
0.691
-1
0.667
-1
0.288
0.929
0.573
0.492
0.75
0.516
-1
0.885
-1
-1
0.73
0.597
-1
0.719
0.929
0.667
-1
-1
0.573
-1
-1
-1
-1
-1
0.377
0.656
0.547
0.824
-1
0.324
0.469
0.765
0.888
-1
0.656
-1
-1
-1
-1
0.772
0.516
-1
-1
-1
0.808
0.52
-1
-1
0.922
0.824
0.769
0.811
0.656
0.603
-1
0.652
-1
-1
-1
0.522
-1
-1
-1
0.824
0.719
0.636
0.406
-1
0.597
-1
0.911
-1
0.688
0.68
-1
-1
0.348
0.758
0.922
0.484
-1
0.469
0.719
0.656
-1
0.917
-1
-1
0.412
0.765
0.438
0.621
-1
0.606
0.342
-1
0.824
-1
0.328
-1
-1
-1
-1
-1
0.379
-1
0.594
-1
-1
-1
0.784
0.828
-1
-1
0.515
0.911
0.896
0.824
-1
0.203
-1
0.911
0.929
-1
-1
0.203
-1
-1
-1
-1
0.203
0.8
0.652
-1
-1
0.64
0.713
0.688
0.621
0.702
-1
0.562
-1
-1
0.656
-1
-1
0.922
0.911
-1
0.485
0.573
0.621
0.719
0.261
0.469
0.929
-1
0.544
0.964
0.621
-1
0.848
-1
-1
0.719
-1
-1
0.833
0.656
0.464
0.812
-1
0.469
0.549
-1
0.672
-1
0.765
-1
-1
0.911
0.911
-1
0.621
0.469
0.929
-1
-1
-1
0.766
0.469
-1
0.713
-1
-1
0.469
0.929
0.911
-1
0.652
-1
-1
-1
0.812
0.822
-1
-1
0.855
-1
0.203
-1
0.351
0.636
-1
0.688
-1
0.811
0.662
0.719
0.603
0.922
0.652
0.591
0.287
-1
0.413
-1
0.844
-1
-1
0.455
-1
-1
0.718
0.646
-1
0.848
0.911
-1
-1
0.896
-1
-1
-1
0.71
0.438
0.812
-1
0.738
-1
-1
-1
-1
0.824
-1
-1
-1
-1
0.336
-1
0.652
0.75
-1
0.894
-1
0.544
0.544
0.652
0.71
-1
0.735
0.561
-1
0.929
0.848
0.666
0.447
0.652
0.911
-1
0.75
0.672
0.412
0.885
-1
0.75
0.074
0.834
0.667
0.5
-1
-1
-1
0.726
0.438
-1
0.652
0.75
0.521
0.853
-1
0.573
0.922
0.812
-1
-1
0.674
-1
-1
0.66
0.608
-1
0.824
-1
0.742
-1
-1
0.896
0.428
0.929
0.469
-1
-1
0.359
-1
-1
0.662
0.469
-1
0.203
-1
0.885
0.811
0.438
-1
-1
0.844
0.484
0.346
0.408
-1
-1
-1
-1
-1
0.529
0.819
-1
0.911
0.493
-1
-1
-1
-1
-1
0.478
-1
-1
0.719
-1
0.469
0.922
0.758
-1
0.603
0.492
0.688
-1
-1
0.885
-1
-1
-1
0.667
0.964
0.911
-1
-1
0.453
0.863
-1
0.75
0.824
-1
-1
0.741
0.652
0.644
0.719
-1
-1
0.812
0.416
-1
-1
0.652
0.469
-1
0.348
0.621
-1
0.833
0.667
-1
0.418
-1
0.929
-1
0.652
0.547
-1
-1
-1
0.812
-1
0.603
0.448
0.719
-1
-1
-1
0.565
-1
0.469
0.848
-1
0.203
0.824
-1
0.75
-1
-1
-1
0.75
0.719
-1
0.824
0.738
-1
0.738
0.922
-1
0.544
-1
-1
0.922
-1
0.824
-1
0.203
0.621
-1
-1
0.469
-1
0.922
-1
0.76
-1
-1
0.885
-1
0.621
-1
0.667
0.812
0.824
0.47
-1
0.652
-1
-1
-1
0.803
0.455
-1
-1
-1
0.697
-1
0.44
0.469
-1
0.485
-1
-1
0.706
-1
0.686
-1
0.603
0.738
-1
-1
-1
0.776
0.603
0.603
-1
-1
0.636
0.492
0.453
-1
0.712
0.678
-1
-1
-1
0.911
0.885
0.621
0.706
-1
0.47
0.364
-1
-1
0.65
-1
0.632
-1
-1
0.348
0.816
-1
0.469
0.868
-1
0.75
0.826
-1
-1
0.288
0.586
0.812
0.788
0.561
0.824
-1
0.828
0.828
0.758
0.811
-1
-1
0.203
-1
0.635
-1
0.691
0.811
-1
0.738
-1
-1
0.652
0.663
0.764
-1
0.63
-1
-1
0.529
-1
-1
0.738
-1
0.5
0.453
-1
-1
-1
-1
-1
0.641
-1
-1
0.349
-1
0.652
-1
0.603
0.75
0.731
-1
-1
0.672
-1
0.578
0.461
-1
-1
0.87
-1
0.911
-1
-1
0.552
0.56
0.828
0.776
0.396
0.261
0.896
0.503
0.848
0.844
0.392
-1
-1
0.632
0.697
0.621
0.922
-1
0.848
0.812
0.67
0.656
0.412
0.816
-1
-1
0.896
0.652
0.41
0.824
-1
-1
-1
0.808
-1
0.603
-1
0.811
-1
-1
0.603
0.412
0.896
-1
0.735
0.868
-1
0.833
-1
0.203
0.652
-1
0.625
-1
0.5
0.896
0.544
0.922
-1
0.781
-1
0.844
-1
-1
0.503
0.911
-1
-1
-1
-1
0.544
0.656
-1
0.348
0.561
0.878
0.422
-1
0.499
-1
0.885
0.716
-1
0.824
0.765
0.628
-1
0.844
0.652
-1
-1
0.412
-1
-1
-1
-1
0.348
0.281
0.826
0.75
-1
0.896
0.833
-1
-1
0.656
0.738
-1
-1
-1
0.621
-1
0.792
-1
-1
-1
-1
-1
0.896
0.382
0.375
0.75
0.656
-1
-1
-1
-1
-1
0.538
-1
-1
-1
0.885
-1
0.885
-1
-1
0.738
0.812
-1
0.624
0.811
-1
-1
0.911
-1
0.833
-1
0.603
0.656
-1
-1
0.809
0.812
-1
-1
-1
0.729
-1
-1
-1
0.621
-1
-1
-1
-1
0.544
0.742
-1
-1
-1
-1
0.639
-1
0.694
-1
0.578
-1
0.461
0.603
0.719
0.431
0.656
0.828
0.911
0.403
-1
-1
0.662
0.667
-1
-1
-1
0.738
-1
-1
0.469
0.719
0.453
-1
0.853
-1
0.261
0.561
0.75
0.573
0.706
0.922
0.691
0.738
0.812
0.738
-1
0.929
-1
-1
0.656
-1
0.811
-1
-1
-1
-1
-1
0.501
0.641
0.65
0.508
-1
-1
0.203
-1
0.911
0.812
-1
-1
0.75
-1
-1
-1
0.547
0.824
0.688
0.469
0.493
0.896
0.784
-1
0.587
-1
-1
-1
0.672
-1
0.824
0.506
-1
0.56
0.738
-1
0.484
-1
-1
0.811
-1
0.469
0.656
-1
0.621
0.911
-1
0.75
0.811
-1
0.79
0.75
-1
0.714
0.688
0.485
0.656
0.824
0.613
0.911
0.406
0.469
-1
-1
0.719
0.577
-1
0.652
0.738
0.703
0.684
0.469
0.578
-1
0.684
0.469
0.742
-1
0.603
0.424
-1
0.303
-1
0.885
0.896
0.402
0.544
-1
0.621
0.614
0.908
-1
-1
-1
-1
-1
0.824
-1
-1
-1
0.453
0.549
-1
-1
0.412
0.911
0.922
-1
0.7
0.469
-1
0.812
-1
0.719
-1
0.412
0.754
-1
0.603
0.462
-1
-1
-1
-1
-1
0.6
-1
0.418
0.824
0.94
-1
-1
0.691
0.621
0.885
0.812
0.666
0.869
-1
0.455
0.672
0.911
-1
0.844
0.536
0.324
0.812
0.469
0.929
-1
-1
-1
0.469
0.719
-1
0.844
0.75
0.8
-1
-1
0.603
0.547
-1
-1
-1
0.739
0.203
0.812
0.826
0.922
0.848
0.203
0.508
0.588
-1
0.625
-1
-1
0.885
-1
0.706
-1
0.688
-1
-1
-1
0.824
-1
-1
0.738
0.656
0.738
-1
-1
-1
-1
0.922
-1
0.344
-1
-1
0.922
0.625
0.652
0.603
0.667
0.438
-1
0.573
-1
-1
-1
0.587
-1
-1
0.811
0.57
-1
0.529
0.765
0.625
-1
-1
0.649
-1
0.652
-1
-1
0.885
-1
-1
0.656
-1
0.595
-1
0.75
-1
0.811
0.812
-1
-1
-1
-1
-1
-1
-1
0.603
0.896
0.652
0.656
-1
0.5
-1
-1
0.621
0.412
-1
0.738
-1
-1
-1
0.147
0.624
0.412
-1
0.812
-1
0.738
-1
-1
0.469
0.824
0.853
-1
0.911
-1
0.844
0.848
0.656
-1
0.896
0.922
-1
0.719
0.868
0.624
0.719
-1
-1
0.848
0.75
-1
0.515
-1
-1
0.811
-1
-1
0.469
-1
0.438
-1
0.833
0.667
0.515
0.5
0.356
-1
0.714
-1
-1
0.652
0.853
0.788
-1
-1
0.297
0.656
-1
0.529
0.85
0.702
0.688
0.203
-1
0.694
0.652
0.765
0.719
0.453
-1
0.497
-1
0.719
0.719
0.765
0.742
-1
-1
-1
-1
0.203
0.652
0.453
0.443
0.542
-1
-1
0.719
-1
0.885
-1
0.469
-1
0.885
-1
-1
-1
-1
0.656
0.865
-1
-1
-1
0.811
0.544
-1
0.828
0.672
-1
-1
0.719
-1
-1
0.75
0.462
-1
-1
0.922
0.621
0.542
0.635
-1
0.641
-1
-1
-1
0.656
0.438
-1
0.922
0.469
0.562
0.469
-1
0.929
0.641
-1
0.76
0.885
0.582
0.469
-1
0.848
0.318
0.896
0.469
0.621
0.603
-1
0.896
0.57
0.603
0.719
-1
0.418
-1
0.652
0.833
-1
-1
-1
0.453
0.667
0.737
0.656
0.656
-1
0.75
-1
0.794
0.911
-1
0.578
0.75
-1
0.438
0.351
-1
0.828
0.656
-1
-1
0.652
-1
0.828
-1
0.738
0.714
0.688
-1
0.778
-1
0.738
-1
-1
-1
0.929
0.794
-1
-1
0.261
0.602
-1
-1
-1
0.719
0.75
-1
0.203
0.896
0.348
-1
0.922
0.594
-1
-1
0.765
-1
0.885
-1
0.688
-1
0.812
0.82
0.625
0.641
0.911
0.544
0.738
-1
0.469
-1
-1
0.811
-1
0.812
0.896
-1
-1
-1
0.661
0.848
-1
0.621
0.667
0.922
0.062
0.379
0.878
0.672
0.026
0.485
-1
0.819
0.885
-1
-1
-1
-1
0.621
0.356
0.929
-1
-1
-1
0.652
-1
-1
0.69
-1
-1
-1
-1
-1
0.824
0.636
0.074
0.499
-1
0.848
0.885
0.824
0.812
-1
0.345
-1
0.745
0.672
-1
0.484
0.656
0.833
0.812
0.203
