0.381
0.669
0.446
0.379
0.495
0.338
0.586
0.251
0.484
0.597
0.56
0.494
0.458
0.471
0.5
0.605
0.585
0.463
0.42
0.46
0.279
0.419
0.435
0.544
0.467
0.474
0.592
0.537
0.612
0.382
0.467
0.678
0.599
0.486
0.425
0.511
0.508
0.586
0.489
0.445
0.494
0.492
0.487
0.505
0.682
0.571
0.583
0.302
0.483
0.338
0.584
0.436
0.418
0.551
0.392
0.476
0.514
0.498
0.687
0.409
0.584
0.446
0.524
0.668
0.304
0.414
0.447
0.446
0.393
0.427
0.484
0.575
0.493
0.426
0.584
0.538
0.518
0.63
0.421
0.609
0.508
0.467
0.526
0.426
0.527
0.496
0.516
0.245
0.45
0.479
0.321
0.314
0.582
0.509
0.571
0.309
0.58
0.477
0.652
0.572
0.66
0.321
0.487
0.492
0.441
0.551
0.467
0.463
0.465
0.463
0.572
0.459
0.377
0.667
0.422
0.497
0.413
0.536
0.63
0.536
0.45
0.387
0.464
0.469
0.589
0.406
0.607
0.69
0.441
0.523
0.617
0.439
0.367
0.596
0.715
0.633
0.61
0.491
0.481
0.492
0.512
0.606
0.499
0.461
0.592
0.543
0.524
0.4
0.592
0.62
0.546
0.471
0.39
0.536
0.426
0.472
0.427
0.479
0.473
0.505
0.367
0.463
0.409
0.432
0.337
0.406
0.448
0.395
0.491
0.482
0.377
0.625
0.472
0.589
0.578
0.387
0.533
0.44
0.353
0.556
0.64
0.442
0.455
0.379
0.552
0.408
0.427
0.657
0.483
0.575
0.562
0.851
0.549
0.421
0.46
0.507
0.631
0.561
0.268
0.438
0.462
0.528
0.66
0.573
0.649
0.516
0.702
0.261
0.459
0.471
0.552
0.59
0.442
0.417
0.476
0.454
0.5
0.445
0.473
0.532
0.608
0.393
0.559
0.661
0.454
0.422
0.451
0.518
0.514
0.584
0.512
0.691
0.541
0.468
0.697
0.632
0.502
0.585
0.379
0.444
0.402
0.525
0.452
0.54
0.767
0.482
0.383
0.665
0.396
0.425
0.261
0.515
0.449
0.443
0.61
0.448
0.464
0.446
0.622
0.703
0.7
0.382
0.456
0.575
0.871
0.429
0.387
0.524
0.464
0.51
0.508
0.7
0.668
0.644
0.501
0.418
0.39
0.444
0.65
0.54
0.507
0.606
0.52
0.347
0.487
0.648
0.395
0.501
0.499
0.486
0.592
0.476
0.679
0.57
0.687
0.403
0.275
0.509
0.427
0.505
0.586
0.455
0.458
0.437
0.346
0.549
0.564
0.731
0.543
0.614
0.437
0.561
0.381
0.525
0.422
0.575
0.526
0.455
0.445
0.71
0.426
0.407
0.448
0.484
0.45
0.575
0.361
0.408
0.521
0.477
0.448
0.527
0.438
0.418
0.438
0.473
0.573
0.399
0.539
0.591
0.438
0.438
0.578
0.447
0.621
0.559
0.355
0.448
0.684
0.565
0.343
0.454
0.47
0.516
0.593
0.374
0.428
0.461
0.348
0.289
0.328
0.757
0.244
0.596
0.445
0.537
0.518
0.766
0.332
0.456
0.553
0.433
0.625
0.493
0.393
0.448
0.606
0.539
0.525
0.303
0.497
0.521
0.409
0.509
0.54
0.435
0.492
0.409
0.633
0.23
0.477
0.638
0.695
0.429
0.534
0.479
0.439
0.44
0.286
0.398
0.37
0.406
0.467
0.446
0.416
0.427
0.624
0.404
0.434
0.384
0.601
0.471
0.596
0.497
0.628
0.469
0.506
0.439
0.505
0.405
0.468
0.694
0.513
0.448
0.511
0.484
0.519
0.607
0.452
0.454
0.614
0.648
0.46
0.323
0.682
0.376
0.555
0.616
0.566
0.406
0.437
0.802
0.594
0.604
0.466
0.55
0.483
0.489
0.429
0.582
0.691
0.731
0.522
0.446
0.409
0.524
0.496
0.353
0.544
0.539
0.454
0.581
0.473
0.471
0.513
0.542
0.544
0.423
0.455
0.421
0.494
0.451
0.522
0.663
0.46
0.769
0.486
0.496
0.266
0.574
0.44
0.548
0.402
0.677
0.416
0.479
0.365
0.572
0.454
0.657
0.443
0.409
0.497
0.402
0.495
0.434
0.465
0.591
0.439
0.417
0.396
0.532
0.435
0.584
0.515
0.617
0.454
0.429
0.579
0.453
0.412
0.627
0.474
0.536
0.841
0.487
0.504
0.587
0.463
0.474
0.561
0.387
0.374
0.508
0.455
0.557
0.387
0.614
0.48
0.422
0.45
0.473
0.345
0.6
0.58
0.535
0.537
0.638
0.437
0.293
0.602
0.409
0.426
0.429
0.498
0.389
0.697
0.492
0.457
0.467
0.454
0.658
0.465
0.575
0.476
0.306
0.51
0.406
0.492
0.43
0.414
0.301
0.725
0.349
0.566
0.603
0.484
0.501
0.466
0.474
0.562
0.711
0.448
0.543
0.511
0.433
0.456
0.448
0.549
0.623
0.494
0.384
0.458
0.42
0.478
0.495
0.37
0.566
0.469
0.457
0.633
0.481
0.515
0.641
0.418
0.536
0.517
0.496
0.529
0.451
0.543
0.586
0.628
0.578
0.626
0.523
0.302
0.334
0.667
0.564
0.51
0.46
0.321
0.554
0.496
0.47
0.573
0.633
0.434
0.462
0.427
0.174
0.248
0.499
0.611
0.447
0.483
0.647
0.495
0.523
0.356
0.544
0.412
0.53
0.614
0.402
0.596
0.355
0.515
0.525
0.519
0.735
0.507
0.48
0.364
0.584
0.719
0.586
0.584
0.346
0.484
0.365
0.44
0.433
0.479
0.469
0.427
0.687
0.423
0.497
0.428
0.469
0.371
0.361
0.331
0.443
0.562
0.311
0.668
0.552
0.661
0.404
0.454
0.321
0.593
0.599
0.434
0.371
0.495
0.356
0.452
0.628
0.527
0.613
0.445
0.512
0.492
0.526
0.406
0.523
0.471
0.349
0.33
0.539
0.422
0.492
0.55
0.519
0.28
0.578
0.485
0.465
0.419
0.478
0.501
0.434
0.391
0.451
0.469
0.622
0.519
0.498
0.527
0.522
0.385
0.575
0.58
0.425
0.532
0.484
0.615
0.446
0.541
0.489
0.548
0.391
0.293
0.719
0.546
0.527
0.251
0.477
0.522
0.39
0.574
0.445
0.741
0.617
0.406
0.372
0.698
0.387
0.774
0.425
0.412
0.423
0.447
0.452
0.465
0.523
0.496
0.783
0.404
0.324
0.381
0.411
0.775
0.74
0.492
0.606
0.52
0.729
0.425
0.537
0.509
0.485
0.579
0.522
0.553
0.578
0.196
0.594
0.64
0.433
0.477
0.534
0.485
0.597
0.499
0.329
0.467
0.578
0.519
0.519
0.656
0.67
0.42
0.442
0.439
0.545
0.626
0.632
0.517
0.432
0.454
0.57
0.346
0.466
0.496
0.914
0.665
0.504
0.433
0.699
0.4
0.42
0.575
0.624
0.424
0.419
0.409
0.318
0.557
0.651
0.494
0.491
0.412
0.454
0.687
0.658
0.336
0.487
0.642
0.621
0.426
0.585
0.506
0.348
0.359
0.508
0.65
0.69
0.595
0.609
0.668
0.629
0.805
0.492
0.588
0.515
0.396
0.549
0.377
0.616
0.557
0.542
0.587
0.43
0.658
0.484
0.398
0.499
0.455
0.533
0.456
0.697
0.516
0.495
0.467
0.394
0.583
0.433
0.445
0.463
0.399
0.376
0.449
0.468
0.448
0.635
0.481
0.518
0.474
0.397
0.465
0.614
0.432
0.649
0.786
0.384
0.383
0.422
0.649
0.644
0.588
0.386
0.492
0.297
0.351
0.416
0.633
0.495
0.572
0.484
0.385
0.373
0.482
0.457
0.438
0.602
0.588
0.502
0.657
0.71
0.405
0.333
0.628
0.653
0.603
0.456
0.645
0.418
0.545
0.404
0.541
0.547
0.843
0.452
0.442
0.504
0.594
0.454
0.485
0.394
0.523
0.347
0.562
0.497
0.497
0.412
0.435
0.508
0.546
0.338
0.68
0.784
0.575
0.568
0.804
0.632
0.504
0.488
0.426
0.482
0.526
0.41
0.711
0.396
0.678
0.418
0.361
0.56
0.551
0.552
0.467
0.431
0.313
0.349
0.335
0.527
0.457
0.591
0.496
0.536
0.488
0.654
0.275
0.512
0.551
0.508
0.592
0.469
0.467
0.572
0.571
0.382
0.595
0.402
0.413
0.435
0.616
0.488
0.613
0.61
0.475
0.442
0.373
0.566
0.654
0.383
0.416
0.503
0.379
0.406
0.331
0.48
0.419
0.555
0.483
0.431
0.507
0.483
0.531
0.439
0.431
0.456
0.455
0.676
0.591
0.699
0.506
0.546
0.454
0.435
0.377
0.405
0.45
0.361
0.36
0.61
0.484
0.424
0.5
0.385
0.517
0.553
0.311
0.474
0.373
0.509
0.411
0.46
0.464
0.425
0.544
0.652
0.574
0.835
0.579
0.53
0.425
0.431
0.297
0.529
0.607
0.551
0.612
0.471
0.499
0.322
0.548
0.458
0.383
0.583
0.486
0.54
0.505
0.481
0.607
0.486
0.376
0.527
0.392
0.521
0.493
0.453
0.615
0.468
0.444
0.671
0.543
0.495
0.352
0.654
0.437
0.452
0.391
0.463
0.369
0.447
0.453
0.413
0.671
0.487
0.385
0.604
0.529
0.541
0.445
0.504
0.619
0.524
0.457
0.395
0.698
0.714
0.293
0.566
0.573
0.687
0.364
0.448
0.432
0.441
0.522
0.566
0.52
0.552
0.63
0.522
0.499
0.471
0.402
0.52
0.61
0.671
0.499
0.405
0.382
0.427
0.414
0.481
0.658
0.436
0.403
0.719
0.505
0.614
0.46
0.464
0.397
0.492
0.468
0.696
0.606
0.477
0.749
0.516
0.391
0.521
0.395
0.595
0.414
0.442
0.368
0.735
0.322
0.372
0.635
0.65
0.627
0.536
0.478
0.569
0.445
0.502
0.567
0.413
0.672
0.432
0.483
0.463
0.793
0.697
0.471
0.548
0.44
0.517
0.477
0.295
0.467
0.518
0.605
0.551
0.608
0.607
0.514
0.409
0.466
0.562
0.571
0.32
0.511
0.475
0.334
0.435
0.399
0.624
0.44
0.59
0.44
0.468
0.503
0.416
0.368
0.577
0.478
0.518
0.329
0.323
0.518
0.632
0.568
0.589
0.416
0.466
0.52
0.469
0.383
0.456
0.496
0.321
0.492
0.715
0.402
0.589
0.644
0.431
0.549
0.532
0.553
0.484
0.513
0.543
0.501
0.478
0.523
0.414
0.488
0.471
0.441
0.376
0.787
0.596
0.316
0.366
0.444
0.451
0.637
0.487
0.494
0.47
0.623
0.564
0.647
0.427
0.426
0.398
0.63
0.467
0.712
0.395
0.37
0.281
0.473
0.505
0.485
0.413
0.615
0.608
0.527
0.701
0.451
0.601
0.553
0.359
0.451
0.538
0.576
0.576
0.427
0.445
0.555
0.458
0.604
0.677
0.467
0.571
0.465
0.438
0.443
0.426
0.573
0.694
0.509
0.4
0.474
0.456
0.641
0.66
0.401
0.564
0.365
0.564
0.581
0.384
0.344
0.572
0.5
0.321
0.446
0.389
0.512
0.487
0.611
0.407
0.586
0.414
0.53
0.578
0.62
0.602
0.69
0.461
0.486
0.531
0.621
0.535
0.425
0.557
0.665
0.506
0.409
0.414
0.74
0.429
0.385
0.398
0.487
0.444
0.42
0.601
0.407
0.312
0.335
0.751
0.594
0.474
0.38
0.848
0.306
0.503
0.261
0.493
0.318
0.454
0.469
0.482
0.52
0.462
0.473
0.337
0.38
0.346
0.568
0.605
0.226
0.558
0.353
0.471
0.407
0.431
0.432
0.524
0.436
0.795
0.47
0.49
0.58
0.587
0.421
0.495
0.782
0.402
0.583
0.489
0.602
0.36
0.62
0.565
0.41
0.671
0.408
0.582
0.419
0.517
0.539
0.451
0.573
0.645
0.533
0.477
0.439
0.54
0.576
0.601
0.477
0.556
0.496
0.53
0.566
0.459
0.449
0.58
0.57
0.484
0.342
0.396
0.487
0.553
0.633
0.386
0.271
0.547
0.366
0.541
0.61
0.609
0.623
0.445
0.497
0.388
0.617
0.492
0.523
0.491
0.634
0.422
0.615
0.471
0.709
0.503
0.47
0.607
0.573
0.37
0.7
0.441
0.543
0.417
0.513
0.485
0.533
0.264
0.439
0.603
0.643
0.479
0.518
0.487
0.467
0.451
0.434
0.493
0.59
0.544
0.369
0.499
0.448
0.373
0.363
0.473
0.329
0.492
0.466
0.403
0.31
0.445
0.477
0.496
0.496
0.51
0.443
0.39
0.405
0.449
0.591
0.618
0.483
0.238
0.456
0.661
0.517
0.509
0.565
0.692
0.37
0.474
0.683
0.379
0.4
0.678
0.723
0.615
0.454
0.451
0.47
0.579
0.319
0.61
0.58
0.619
0.509
0.303
0.609
0.408
0.404
0.755
0.547
0.514
0.458
0.493
0.402
0.659
0.509
0.449
0.344
0.51
0.608
0.599
0.587
0.36
0.444
0.357
0.523
0.374
0.59
0.464
0.586
0.541
0.509
0.687
0.472
0.624
0.441
0.451
0.494
0.439
0.356
0.337
0.443
0.43
0.49
0.672
0.461
0.407
0.43
0.581
0.418
0.436
0.466
0.35
0.63
0.564
0.483
0.396
0.393
0.545
0.426
0.383
0.505
0.432
0.592
0.393
0.514
0.586
0.488
0.566
0.484
0.456
0.569
0.451
0.394
0.632
0.42
0.402
0.528
0.423
0.501
0.63
0.483
0.501
0.474
0.386
0.464
0.461
0.468
0.365
0.383
0.405
0.46
0.825
0.515
0.445
0.474
0.335
0.526
0.444
0.402
0.619
0.499
0.409
0.682
0.508
0.568
0.57
0.473
0.6
0.452
0.485
0.313
0.506
0.523
0.415
0.457
0.62
0.695
0.479
0.539
0.439
0.499
0.525
0.594
0.433
0.548
0.755
0.35
0.473
0.737
0.474
0.662
0.392
0.353
0.535
0.462
0.712
0.48
0.42
0.341
0.561
0.614
0.473
0.44
0.687
0.523
0.529
0.5
0.408
