0.421
0.421
0.591
0.609
0.661
0.591
0.492
0.591
0.517
0.441
0.53
0.454
0.465
0.493
0.454
0.472
0.454
0.454
0.472
0.472
0.492
0.322
0.309
0.505
0.492
0.322
0.466
0.479
0.492
0.447
0.485
0.434
0.434
0.55
0.407
0.434
0.447
0.472
0.407
0.453
0.472
0.491
0.434
0.491
0.434
0.434
0.491
0.491
0.491
0.434
0.526
0.493
0.402
0.564
0.545
0.706
0.545
0.686
0.681
0.493
0.454
0.46
0.46
0.454
0.473
0.46
0.46
0.473
0.473
0.46
0.434
0.447
0.551
0.459
0.459
0.459
0.485
0.447
0.459
0.382
0.421
0.421
0.44
0.485
0.421
0.415
0.505
0.345
0.277
0.505
0.447
0.466
0.434
0.491
0.466
0.466
0.491
0.447
0.466
0.491
0.58
0.542
0.542
0.634
0.594
0.542
0.594
0.634
0.594
0.524
0.37
0.383
0.405
0.459
0.344
0.375
0.383
0.379
0.37
0.405
0.59
0.622
0.674
0.576
0.687
0.59
0.687
0.674
0.674
0.687
0.375
0.44
0.394
0.44
0.44
0.466
0.459
0.44
0.44
0.362
0.58
0.659
0.579
0.579
0.659
0.659
0.579
0.659
0.397
0.58
0.531
0.531
0.446
0.389
0.427
0.427
0.531
0.427
0.427
0.531
0.478
0.42
0.382
0.355
0.377
0.42
0.464
0.556
0.478
0.382
0.478
0.478
0.485
0.491
0.44
0.51
0.466
0.491
0.491
0.453
0.531
0.531
0.512
0.553
0.42
0.518
0.453
0.55
0.512
0.417
0.511
0.511
0.491
0.602
0.511
0.511
0.524
0.511
0.511
0.524
0.42
0.439
0.42
0.486
0.42
0.42
0.439
0.42
0.42
0.42
0.511
0.511
0.536
0.575
0.568
0.536
0.555
0.581
0.575
0.498
0.563
0.538
0.551
0.446
0.44
0.538
0.538
0.473
0.557
0.506
0.498
0.447
0.415
0.537
0.447
0.447
0.447
0.537
0.498
0.498
0.582
0.544
0.453
0.583
0.583
0.558
0.563
0.563
0.608
0.544
0.485
0.498
0.485
0.601
0.524
0.37
0.517
0.53
0.322
0.472
0.558
0.608
0.558
0.558
0.608
0.558
0.544
0.608
0.558
0.558
0.649
0.597
0.61
0.623
0.597
0.597
0.597
0.597
0.623
0.597
0.361
0.361
0.361
0.426
0.426
0.361
0.361
0.528
0.361
0.361
0.558
0.558
0.545
0.558
0.558
0.558
0.558
0.466
0.543
0.558
0.543
0.543
0.434
0.543
0.543
0.517
0.525
0.387
0.525
0.473
0.479
0.479
0.466
0.421
0.473
0.466
0.479
0.491
0.473
0.434
0.433
0.433
0.433
0.433
0.433
0.401
0.401
0.433
0.426
0.433
0.408
0.512
0.512
0.473
0.408
0.512
0.512
0.512
0.512
0.512
0.491
0.504
0.426
0.466
0.504
0.491
0.504
0.491
0.491
0.491
0.524
0.524
0.46
0.46
0.524
0.46
0.524
0.524
0.46
0.524
0.426
0.426
0.414
0.492
0.426
0.375
0.414
0.426
0.426
0.363
0.466
0.466
0.466
0.466
0.466
0.453
0.466
0.466
0.466
0.466
0.604
0.543
0.549
0.569
0.504
0.611
0.46
0.466
0.661
0.46
0.453
0.453
0.453
0.453
0.453
0.453
0.453
0.491
0.491
0.421
0.44
0.44
0.44
0.44
0.479
0.44
0.453
0.44
0.44
0.395
0.524
0.543
0.505
0.505
0.543
0.505
0.543
0.524
0.524
0.42
0.622
0.622
0.596
0.642
0.622
0.596
0.596
0.504
0.622
0.622
0.504
0.504
0.536
0.472
0.472
0.492
0.51
0.517
0.523
0.428
0.51
0.491
0.491
0.491
0.472
0.491
0.459
0.525
0.51
0.472
0.386
0.511
0.341
0.38
0.38
0.341
0.492
0.386
0.386
0.479
0.445
0.445
0.576
0.445
0.356
0.601
0.394
0.375
0.576
0.506
0.283
0.447
0.264
0.264
0.264
0.264
0.264
0.283
0.283
0.264
0.491
0.466
0.421
0.674
0.525
0.544
0.459
0.525
0.538
0.441
0.447
0.479
0.447
0.517
0.504
0.479
0.447
0.426
0.479
0.421
