0.661
0.674
0.661
0.609
0.505
0.611
0.661
0.505
0.661
0.611
0.454
0.53
0.454
0.454
0.454
0.511
0.454
0.454
0.454
0.454
0.309
0.453
0.309
0.271
0.322
0.29
0.492
0.492
0.309
0.322
0.44
0.447
0.459
0.428
0.44
0.472
0.434
0.434
0.44
0.44
0.434
0.414
0.453
0.434
0.434
0.414
0.394
0.355
0.434
0.414
0.564
0.706
0.564
0.421
0.564
0.706
0.545
0.564
0.706
0.706
0.441
0.441
0.441
0.441
0.473
0.46
0.473
0.473
0.441
0.473
0.578
0.578
0.578
0.447
0.447
0.459
0.59
0.434
0.421
0.578
0.498
0.409
0.415
0.415
0.415
0.409
0.434
0.491
0.383
0.428
0.447
0.466
0.447
0.491
0.466
0.459
0.466
0.466
0.466
0.517
0.607
0.594
0.594
0.486
0.542
0.542
0.524
0.542
0.542
0.594
0.37
0.405
0.405
0.383
0.344
0.405
0.383
0.37
0.402
0.37
0.622
0.578
0.686
0.59
0.59
0.712
0.687
0.687
0.687
0.629
0.44
0.44
0.375
0.428
0.459
0.44
0.44
0.459
0.44
0.459
0.659
0.476
0.579
0.579
0.659
0.579
0.425
0.607
0.608
0.397
0.427
0.446
0.427
0.427
0.427
0.446
0.531
0.427
0.427
0.446
0.306
0.524
0.614
0.454
0.556
0.473
0.454
0.441
0.537
0.537
0.478
0.446
0.498
0.529
0.536
0.504
0.447
0.447
0.459
0.485
0.531
0.55
0.55
0.512
0.531
0.553
0.531
0.531
0.55
0.537
0.511
0.596
0.596
0.511
0.511
0.524
0.511
0.511
0.511
0.511
0.407
0.407
0.459
0.407
0.407
0.427
0.407
0.407
0.42
0.407
0.575
0.575
0.453
0.575
0.575
0.453
0.562
0.562
0.594
0.536
0.538
0.531
0.43
0.557
0.563
0.531
0.531
0.531
0.43
0.538
0.447
0.415
0.415
0.498
0.447
0.498
0.498
0.498
0.447
0.498
0.57
0.428
0.57
0.532
0.582
0.459
0.413
0.582
0.563
0.453
0.484
0.453
0.453
0.53
0.441
0.402
0.497
0.421
0.44
0.466
0.558
0.558
0.558
0.558
0.608
0.571
0.608
0.558
0.558
0.558
0.61
0.637
0.61
0.636
0.636
0.61
0.655
0.655
0.61
0.61
0.361
0.361
0.361
0.342
0.361
0.361
0.361
0.361
0.361
0.361
0.583
0.439
0.602
0.558
0.558
0.439
0.558
0.583
0.558
0.558
0.543
0.402
0.473
0.473
0.505
0.434
0.512
0.473
0.486
0.447
0.465
0.628
0.465
0.516
0.517
0.434
0.447
0.447
0.479
0.466
0.433
0.395
0.433
0.401
0.401
0.395
0.433
0.433
0.433
0.433
0.408
0.512
0.512
0.473
0.473
0.512
0.512
0.512
0.512
0.512
0.491
0.491
0.491
0.472
0.491
0.491
0.491
0.556
0.504
0.491
0.487
0.46
0.524
0.46
0.46
0.524
0.524
0.551
0.524
0.487
0.426
0.375
0.414
0.375
0.426
0.42
0.414
0.426
0.426
0.433
0.466
0.453
0.466
0.427
0.466
0.466
0.453
0.453
0.466
0.453
0.524
0.389
0.543
0.454
0.604
0.561
0.667
0.661
0.46
0.46
0.453
0.453
0.453
0.402
0.453
0.431
0.453
0.421
0.453
0.453
0.479
0.421
0.408
0.408
0.427
0.466
0.44
0.453
0.44
0.44
0.543
0.413
0.53
0.42
0.439
0.486
0.531
0.486
0.505
0.394
0.622
0.564
0.622
0.622
0.622
0.622
0.622
0.622
0.622
0.622
0.584
0.492
0.549
0.492
0.504
0.479
0.504
0.517
0.498
0.523
0.491
0.466
0.51
0.497
0.472
0.472
0.498
0.473
0.459
0.649
0.38
0.458
0.504
0.466
0.497
0.458
0.478
0.466
0.492
0.471
0.375
0.375
0.375
0.362
0.375
0.415
0.375
0.394
0.375
0.394
0.264
0.264
0.264
0.264
0.27
0.283
0.245
0.27
0.264
0.264
0.491
0.491
0.491
0.447
0.512
0.459
0.466
0.447
0.447
0.504
0.479
0.479
0.466
0.434
0.479
0.472
0.415
0.434
0.44
0.447
