0.485
0.675
0.389
0.371
0.5
0.33
0.606
0.34
0.459
0.6
0.52
0.499
0.456
0.415
0.5
0.64
0.587
0.418
0.467
0.43
0.315
0.42
0.443
0.561
0.463
0.472
0.594
0.536
0.597
0.401
0.465
0.686
0.602
0.459
0.417
0.511
0.508
0.566
0.503
0.419
0.494
0.492
0.485
0.505
0.655
0.574
0.587
0.302
0.482
0.318
0.607
0.445
0.414
0.533
0.409
0.474
0.514
0.498
0.637
0.398
0.544
0.439
0.465
0.66
0.283
0.417
0.452
0.439
0.388
0.423
0.484
0.578
0.499
0.454
0.587
0.484
0.476
0.636
0.439
0.587
0.467
0.465
0.541
0.434
0.548
0.504
0.515
0.247
0.441
0.504
0.332
0.307
0.616
0.51
0.572
0.332
0.619
0.472
0.66
0.578
0.673
0.392
0.484
0.488
0.444
0.524
0.438
0.461
0.458
0.453
0.595
0.456
0.402
0.628
0.418
0.497
0.42
0.536
0.633
0.559
0.467
0.378
0.482
0.467
0.608
0.39
0.631
0.697
0.45
0.528
0.64
0.434
0.391
0.614
0.672
0.593
0.628
0.51
0.514
0.492
0.504
0.625
0.506
0.433
0.602
0.543
0.526
0.428
0.578
0.646
0.579
0.463
0.402
0.519
0.442
0.498
0.42
0.422
0.486
0.517
0.391
0.46
0.495
0.456
0.441
0.428
0.465
0.41
0.502
0.482
0.402
0.634
0.483
0.54
0.526
0.393
0.544
0.451
0.358
0.504
0.6
0.46
0.463
0.37
0.508
0.474
0.424
0.608
0.482
0.578
0.566
0.787
0.569
0.447
0.459
0.528
0.633
0.583
0.287
0.425
0.459
0.551
0.639
0.578
0.657
0.513
0.657
0.267
0.454
0.481
0.555
0.521
0.437
0.44
0.471
0.452
0.522
0.452
0.492
0.494
0.618
0.423
0.506
0.624
0.465
0.451
0.443
0.493
0.522
0.544
0.505
0.699
0.544
0.464
0.605
0.652
0.537
0.586
0.371
0.477
0.424
0.47
0.452
0.548
0.8
0.463
0.41
0.623
0.388
0.422
0.263
0.515
0.483
0.458
0.612
0.459
0.452
0.461
0.626
0.733
0.691
0.376
0.454
0.599
0.866
0.453
0.378
0.565
0.454
0.512
0.502
0.631
0.683
0.639
0.5
0.426
0.372
0.452
0.597
0.539
0.507
0.55
0.519
0.407
0.484
0.666
0.425
0.446
0.444
0.545
0.609
0.494
0.662
0.58
0.652
0.43
0.328
0.506
0.424
0.499
0.588
0.392
0.468
0.427
0.349
0.563
0.577
0.751
0.485
0.621
0.425
0.561
0.433
0.544
0.465
0.579
0.544
0.384
0.473
0.645
0.431
0.42
0.443
0.502
0.467
0.605
0.398
0.44
0.557
0.488
0.476
0.53
0.408
0.414
0.447
0.506
0.584
0.391
0.486
0.578
0.467
0.414
0.587
0.438
0.645
0.548
0.419
0.443
0.605
0.572
0.339
0.455
0.474
0.518
0.599
0.415
0.458
0.472
0.338
0.317
0.314
0.771
0.242
0.553
0.448
0.452
0.513
0.786
0.318
0.465
0.571
0.441
0.651
0.506
0.388
0.456
0.624
0.536
0.469
0.301
0.488
0.541
0.435
0.514
0.555
0.43
0.502
0.423
0.58
0.201
0.486
0.55
0.705
0.424
0.475
0.483
0.434
0.454
0.312
0.391
0.388
0.414
0.465
0.437
0.443
0.421
0.629
0.396
0.445
0.382
0.604
0.469
0.614
0.497
0.581
0.466
0.556
0.434
0.503
0.413
0.464
0.703
0.534
0.446
0.511
0.496
0.532
0.615
0.482
0.438
0.618
0.627
0.456
0.341
0.697
0.381
0.595
0.633
0.609
0.414
0.42
0.827
0.591
0.61
0.483
0.449
0.496
0.514
0.436
0.5
0.737
0.689
0.53
0.461
0.435
0.472
0.496
0.431
0.548
0.554
0.502
0.535
0.486
0.482
0.513
0.537
0.55
0.43
0.451
0.429
0.486
0.459
0.431
0.671
0.465
0.725
0.492
0.495
0.219
0.609
0.45
0.563
0.424
0.683
0.446
0.379
0.389
0.528
0.465
0.603
0.472
0.402
0.497
0.41
0.515
0.432
0.391
0.595
0.434
0.423
0.416
0.483
0.442
0.54
0.515
0.62
0.448
0.423
0.582
0.462
0.42
0.652
0.486
0.559
0.884
0.446
0.502
0.591
0.442
0.474
0.565
0.395
0.398
0.509
0.447
0.579
0.489
0.52
0.492
0.37
0.447
0.43
0.285
0.621
0.563
0.542
0.54
0.597
0.469
0.316
0.611
0.452
0.419
0.465
0.518
0.426
0.565
0.492
0.455
0.459
0.41
0.672
0.47
0.578
0.449
0.355
0.522
0.414
0.498
0.458
0.406
0.321
0.769
0.337
0.568
0.611
0.433
0.514
0.483
0.419
0.562
0.63
0.422
0.525
0.51
0.43
0.474
0.445
0.563
0.529
0.501
0.378
0.473
0.434
0.473
0.493
0.373
0.519
0.485
0.474
0.58
0.475
0.529
0.641
0.391
0.49
0.536
0.513
0.553
0.446
0.485
0.572
0.605
0.601
0.536
0.514
0.377
0.323
0.669
0.594
0.524
0.468
0.358
0.564
0.487
0.505
0.598
0.647
0.443
0.494
0.418
0.157
0.306
0.444
0.574
0.462
0.482
0.651
0.504
0.523
0.388
0.506
0.38
0.509
0.621
0.415
0.606
0.393
0.516
0.469
0.519
0.676
0.453
0.403
0.388
0.588
0.748
0.609
0.587
0.451
0.504
0.412
0.435
0.441
0.424
0.474
0.424
0.601
0.431
0.488
0.438
0.462
0.406
0.386
0.329
0.348
0.578
0.323
0.621
0.555
0.67
0.431
0.452
0.358
0.583
0.55
0.423
0.363
0.495
0.36
0.482
0.633
0.506
0.617
0.447
0.451
0.492
0.527
0.417
0.52
0.474
0.39
0.341
0.538
0.474
0.513
0.535
0.539
0.275
0.521
0.484
0.497
0.406
0.489
0.514
0.464
0.399
0.428
0.458
0.556
0.505
0.511
0.579
0.468
0.343
0.578
0.583
0.426
0.535
0.501
0.56
0.469
0.543
0.449
0.496
0.415
0.342
0.749
0.554
0.529
0.34
0.483
0.544
0.395
0.575
0.454
0.693
0.603
0.411
0.326
0.714
0.393
0.734
0.419
0.402
0.42
0.452
0.478
0.463
0.524
0.496
0.713
0.419
0.319
0.368
0.351
0.687
0.652
0.492
0.579
0.554
0.764
0.438
0.452
0.509
0.528
0.582
0.473
0.556
0.587
0.217
0.624
0.655
0.455
0.511
0.514
0.428
0.6
0.497
0.333
0.465
0.572
0.524
0.56
0.661
0.663
0.413
0.451
0.456
0.56
0.646
0.638
0.525
0.456
0.345
0.517
0.378
0.484
0.496
0.845
0.673
0.527
0.441
0.66
0.393
0.413
0.586
0.621
0.407
0.425
0.402
0.37
0.56
0.693
0.511
0.497
0.414
0.473
0.689
0.675
0.329
0.472
0.592
0.597
0.4
0.619
0.506
0.401
0.364
0.519
0.67
0.71
0.62
0.612
0.66
0.588
0.736
0.492
0.492
0.475
0.408
0.548
0.402
0.563
0.506
0.558
0.593
0.45
0.667
0.495
0.42
0.499
0.451
0.51
0.453
0.703
0.46
0.495
0.48
0.387
0.591
0.441
0.441
0.467
0.333
0.37
0.46
0.501
0.451
0.639
0.474
0.496
0.47
0.39
0.457
0.632
0.428
0.655
0.845
0.365
0.408
0.451
0.655
0.599
0.539
0.401
0.501
0.331
0.381
0.41
0.624
0.489
0.578
0.47
0.384
0.362
0.479
0.468
0.447
0.627
0.609
0.478
0.638
0.721
0.433
0.429
0.637
0.595
0.615
0.431
0.661
0.414
0.56
0.413
0.488
0.549
0.795
0.463
0.451
0.454
0.605
0.451
0.492
0.407
0.525
0.34
0.508
0.491
0.503
0.525
0.448
0.456
0.5
0.366
0.708
0.697
0.559
0.589
0.851
0.639
0.524
0.493
0.451
0.46
0.525
0.392
0.667
0.387
0.706
0.414
0.385
0.597
0.567
0.552
0.478
0.458
0.254
0.354
0.338
0.508
0.434
0.615
0.494
0.535
0.494
0.673
0.278
0.535
0.555
0.481
0.597
0.473
0.443
0.586
0.487
0.394
0.546
0.395
0.42
0.429
0.593
0.432
0.629
0.575
0.512
0.455
0.382
0.53
0.681
0.395
0.411
0.503
0.385
0.399
0.334
0.499
0.431
0.558
0.501
0.396
0.504
0.482
0.506
0.447
0.457
0.451
0.473
0.636
0.589
0.66
0.506
0.559
0.463
0.443
0.402
0.399
0.394
0.393
0.373
0.568
0.504
0.418
0.5
0.392
0.518
0.554
0.302
0.47
0.378
0.504
0.404
0.478
0.46
0.402
0.565
0.673
0.569
0.773
0.593
0.564
0.481
0.431
0.26
0.528
0.583
0.535
0.562
0.482
0.47
0.301
0.567
0.434
0.388
0.574
0.443
0.549
0.536
0.478
0.61
0.499
0.39
0.565
0.423
0.529
0.488
0.482
0.622
0.478
0.473
0.679
0.577
0.492
0.451
0.574
0.427
0.461
0.375
0.404
0.408
0.444
0.462
0.441
0.707
0.498
0.384
0.623
0.561
0.542
0.455
0.571
0.626
0.54
0.492
0.382
0.742
0.646
0.323
0.57
0.523
0.695
0.388
0.484
0.428
0.444
0.482
0.567
0.494
0.535
0.632
0.525
0.469
0.416
0.41
0.521
0.603
0.631
0.506
0.43
0.401
0.441
0.41
0.48
0.664
0.431
0.409
0.748
0.449
0.618
0.456
0.473
0.392
0.492
0.484
0.712
0.592
0.473
0.758
0.517
0.419
0.503
0.41
0.545
0.426
0.463
0.371
0.78
0.312
0.396
0.66
0.637
0.633
0.552
0.475
0.583
0.447
0.452
0.567
0.402
0.694
0.426
0.488
0.461
0.771
0.71
0.47
0.55
0.42
0.517
0.496
0.285
0.45
0.513
0.611
0.554
0.645
0.646
0.533
0.436
0.479
0.597
0.57
0.33
0.495
0.474
0.355
0.443
0.412
0.632
0.437
0.494
0.435
0.399
0.496
0.446
0.397
0.601
0.482
0.513
0.328
0.375
0.514
0.652
0.55
0.491
0.434
0.484
0.521
0.467
0.388
0.439
0.496
0.293
0.438
0.75
0.429
0.491
0.633
0.441
0.572
0.569
0.501
0.474
0.519
0.561
0.441
0.474
0.522
0.41
0.486
0.483
0.456
0.37
0.716
0.525
0.379
0.355
0.442
0.454
0.59
0.5
0.509
0.482
0.663
0.568
0.683
0.445
0.454
0.391
0.662
0.459
0.671
0.394
0.359
0.271
0.492
0.513
0.484
0.415
0.631
0.527
0.529
0.678
0.428
0.605
0.55
0.39
0.469
0.541
0.541
0.613
0.42
0.452
0.535
0.462
0.61
0.631
0.465
0.585
0.474
0.379
0.44
0.442
0.596
0.661
0.509
0.428
0.47
0.394
0.645
0.582
0.356
0.549
0.356
0.549
0.559
0.406
0.342
0.528
0.501
0.392
0.444
0.396
0.506
0.5
0.593
0.415
0.544
0.411
0.546
0.615
0.646
0.554
0.669
0.47
0.492
0.478
0.597
0.548
0.433
0.56
0.678
0.491
0.437
0.356
0.759
0.437
0.41
0.403
0.484
0.455
0.434
0.6
0.401
0.334
0.328
0.786
0.597
0.491
0.422
0.736
0.315
0.504
0.263
0.492
0.34
0.473
0.467
0.505
0.491
0.456
0.507
0.37
0.387
0.335
0.53
0.61
0.233
0.513
0.351
0.474
0.415
0.429
0.445
0.527
0.472
0.728
0.422
0.471
0.577
0.593
0.421
0.495
0.811
0.398
0.574
0.447
0.638
0.347
0.583
0.568
0.437
0.683
0.437
0.63
0.417
0.536
0.515
0.452
0.531
0.599
0.547
0.42
0.496
0.53
0.576
0.559
0.474
0.558
0.506
0.561
0.585
0.468
0.453
0.53
0.607
0.495
0.357
0.424
0.52
0.539
0.64
0.378
0.282
0.532
0.379
0.529
0.564
0.612
0.626
0.476
0.497
0.41
0.639
0.492
0.545
0.503
0.587
0.451
0.613
0.47
0.721
0.537
0.52
0.558
0.523
0.36
0.662
0.452
0.552
0.424
0.49
0.484
0.548
0.347
0.427
0.608
0.647
0.465
0.465
0.494
0.473
0.469
0.432
0.513
0.538
0.52
0.393
0.497
0.47
0.401
0.356
0.469
0.43
0.492
0.472
0.395
0.382
0.454
0.48
0.49
0.49
0.511
0.411
0.402
0.434
0.465
0.596
0.643
0.517
0.257
0.452
0.615
0.548
0.482
0.581
0.702
0.388
0.431
0.672
0.37
0.426
0.681
0.734
0.573
0.465
0.469
0.469
0.588
0.42
0.593
0.581
0.611
0.547
0.308
0.609
0.404
0.396
0.756
0.566
0.529
0.477
0.473
0.429
0.7
0.511
0.426
0.356
0.51
0.646
0.604
0.591
0.393
0.475
0.385
0.522
0.381
0.592
0.439
0.525
0.543
0.51
0.702
0.484
0.649
0.392
0.449
0.474
0.456
0.397
0.348
0.4
0.427
0.504
0.694
0.459
0.42
0.424
0.585
0.425
0.43
0.483
0.342
0.634
0.565
0.449
0.402
0.388
0.576
0.42
0.387
0.502
0.447
0.603
0.401
0.509
0.609
0.486
0.593
0.478
0.452
0.576
0.454
0.387
0.637
0.427
0.396
0.507
0.443
0.521
0.676
0.496
0.5
0.416
0.394
0.474
0.47
0.465
0.369
0.41
0.451
0.456
0.781
0.453
0.456
0.47
0.335
0.528
0.441
0.388
0.625
0.498
0.39
0.694
0.512
0.591
0.579
0.456
0.52
0.463
0.407
0.352
0.524
0.537
0.438
0.475
0.602
0.69
0.489
0.538
0.46
0.444
0.524
0.619
0.441
0.55
0.692
0.368
0.492
0.768
0.486
0.668
0.42
0.347
0.486
0.474
0.723
0.515
0.427
0.345
0.564
0.577
0.416
0.448
0.694
0.556
0.516
0.5
0.398
