0.417
0.417
0.417
0.417
0.417
0.417
0.417
0.417
0.417
0.438
0.438
0.438
0.438
0.438
0.438
0.438
0.438
0.438
0.438
0.396
0.396
0.396
0.396
0.396
0.396
0.396
0.396
0.396
0.396
0.458
0.458
0.458
0.458
0.458
0.458
0.458
0.458
0.458
0.458
0.312
0.312
0.312
0.312
0.312
0.312
0.312
0.312
0.312
0.312
0.91
0.91
0.91
0.91
0.91
0.91
0.91
0.91
0.91
0.91
0.625
0.625
0.625
0.625
0.625
0.625
0.625
0.625
0.625
0.625
0.417
0.417
0.417
0.417
0.417
0.417
0.417
0.417
0.417
0.417
0.188
0.188
0.188
0.188
0.188
0.188
0.188
0.188
0.188
0.188
0.438
0.438
0.438
0.438
0.438
0.438
0.438
0.438
0.438
0.438
0.394
0.394
0.394
0.394
0.394
0.394
0.394
0.394
0.394
0.394
0.396
0.396
0.396
0.396
0.396
0.396
0.396
0.396
0.396
0.396
0.708
0.708
0.708
0.708
0.708
0.708
0.708
0.708
0.708
0.708
0.521
0.521
0.521
0.521
0.521
0.521
0.521
0.521
0.521
0.521
0.417
0.417
0.417
0.417
0.417
0.417
0.417
0.417
0.417
0.417
0.831
0.831
0.831
0.831
0.831
0.831
0.831
0.831
0.831
0.831
0.521
0.521
0.521
0.521
0.521
0.521
0.521
0.521
0.521
0.521
0.833
0.833
0.833
0.833
0.833
0.833
0.833
0.833
0.833
0.833
0.417
0.417
0.417
0.417
0.417
0.417
0.417
0.417
0.417
0.417
0.521
0.521
0.521
0.521
0.521
0.521
0.521
0.521
0.521
0.521
0.792
0.792
0.792
0.792
0.792
0.792
0.792
0.792
0.792
0.792
0.438
0.438
0.438
0.438
0.438
0.438
0.438
0.438
0.438
0.438
0.333
0.333
0.333
0.333
0.333
0.333
0.333
0.333
0.333
0.333
0.583
0.583
0.583
0.583
0.583
0.583
0.583
0.583
0.583
0.583
0.566
0.566
0.566
0.566
0.566
0.566
0.566
0.566
0.566
0.566
0.354
0.354
0.354
0.354
0.354
0.354
0.354
0.354
0.354
0.354
0.833
0.833
0.833
0.833
0.833
0.833
0.833
0.833
0.833
0.833
0.312
0.312
0.312
0.312
0.312
0.312
0.312
0.312
0.312
0.312
0.146
0.146
0.146
0.146
0.146
0.146
0.146
0.146
0.146
0.146
0.729
0.729
0.729
0.729
0.729
0.729
0.729
0.729
0.729
0.729
0.492
0.492
0.492
0.492
0.492
0.492
0.492
0.492
0.492
0.492
0.5
0.5
0.5
0.5
0.5
0.5
0.5
0.5
0.5
0.5
0.417
0.417
0.417
0.417
0.417
0.417
0.417
0.417
0.417
0.417
0.458
0.458
0.458
0.458
0.458
0.458
0.458
0.458
0.458
0.458
0.208
0.208
0.208
0.208
0.208
0.208
0.208
0.208
0.208
0.208
0.542
0.542
0.542
0.542
0.542
0.542
0.542
0.542
0.542
0.542
0.208
0.208
0.208
0.208
0.208
0.208
0.208
0.208
0.208
0.208
0.188
0.188
0.188
0.188
0.188
0.188
0.188
0.188
0.188
0.188
0.479
0.479
0.479
0.479
0.479
0.479
0.479
0.479
0.479
0.479
0.458
0.458
0.458
0.458
0.458
0.458
0.458
0.458
0.458
0.458
0.667
0.667
0.667
0.667
0.667
0.667
0.667
0.667
0.667
0.667
0.5
0.5
0.5
0.5
0.5
0.5
0.5
0.5
0.5
0.5
0.646
0.646
0.646
0.646
0.646
0.646
0.646
0.646
0.646
0.646
0.396
0.396
0.396
0.396
0.396
0.396
0.396
0.396
0.396
0.396
0.312
0.312
0.312
0.312
0.312
0.312
0.312
0.312
0.312
0.312
0.319
0.319
0.319
0.319
0.319
0.319
0.319
0.319
0.319
0.319
0.5
0.5
0.5
0.5
0.5
0.5
0.5
0.5
0.5
0.5
0.242
0.242
0.242
0.242
0.242
0.242
0.242
0.242
0.242
0.242
0.375
0.375
0.375
0.375
0.375
0.375
0.375
0.375
0.375
0.375
0.333
0.333
0.333
0.333
0.333
0.333
0.333
0.333
0.333
0.333
