0.664
0.575
0.664
0.489
0.664
0.664
0.664
0.649
0.649
0.664
0.41
0.468
0.41
0.468
0.41
0.41
0.41
0.468
0.468
0.41
0.445
0.47
0.445
0.576
0.445
0.445
0.445
0.47
0.433
0.445
0.508
0.421
0.508
0.421
0.508
0.508
0.508
0.421
0.439
0.508
0.46
0.46
0.46
0.46
0.46
0.46
0.46
0.46
0.46
0.46
0.699
0.639
0.699
0.422
0.699
0.699
0.699
0.668
0.699
0.699
0.392
0.41
0.392
0.41
0.392
0.392
0.392
0.41
0.41
0.392
0.497
0.468
0.497
0.468
0.497
0.497
0.497
0.468
0.468
0.497
0.46
0.593
0.46
0.448
0.46
0.46
0.46
0.448
0.405
0.46
0.47
0.489
0.47
0.489
0.47
0.47
0.47
0.489
0.489
0.47
0.5
0.47
0.5
0.47
0.5
0.5
0.5
0.47
0.5
0.5
0.489
0.409
0.489
0.445
0.489
0.489
0.489
0.489
0.445
0.489
0.544
0.632
0.544
0.632
0.544
0.544
0.544
0.602
0.719
0.544
0.427
0.672
0.427
0.433
0.427
0.427
0.427
0.672
0.666
0.427
0.489
0.485
0.489
0.503
0.489
0.489
0.489
0.485
0.47
0.489
0.46
0.431
0.46
0.46
0.46
0.46
0.46
0.46
0.46
0.46
0.497
0.454
0.497
0.468
0.497
0.497
0.497
0.423
0.454
0.497
0.439
0.421
0.439
0.464
0.439
0.439
0.439
0.433
0.366
0.439
0.46
0.46
0.46
0.46
0.46
0.46
0.46
0.46
0.46
0.46
0.512
0.541
0.512
0.395
0.512
0.512
0.512
0.541
0.541
0.512
0.561
0.577
0.561
0.577
0.561
0.561
0.561
0.635
0.709
0.561
0.421
0.442
0.421
0.436
0.421
0.421
0.421
0.46
0.448
0.421
0.503
0.531
0.503
0.586
0.503
0.503
0.503
0.555
0.586
0.503
0.65
0.464
0.65
0.464
0.65
0.65
0.65
0.464
0.464
0.65
0.442
0.456
0.442
0.442
0.442
0.442
0.442
0.442
0.442
0.442
0.485
0.423
0.485
0.454
0.485
0.485
0.485
0.454
0.485
0.485
0.52
0.609
0.52
0.599
0.52
0.52
0.52
0.585
0.585
0.52
0.643
0.614
0.643
0.584
0.643
0.643
0.643
0.584
0.569
0.643
0.442
0.442
0.442
0.442
0.442
0.442
0.442
0.442
0.442
0.442
0.442
0.483
0.442
0.454
0.442
0.442
0.442
0.454
0.454
0.442
0.439
0.454
0.439
0.501
0.439
0.439
0.439
0.439
0.454
0.439
0.456
0.439
0.456
0.439
0.456
0.456
0.456
0.439
0.439
0.456
0.649
0.47
0.649
0.489
0.649
0.649
0.649
0.631
0.489
0.649
0.439
0.479
0.439
0.439
0.439
0.439
0.439
0.421
0.421
0.439
0.398
0.41
0.398
0.398
0.398
0.398
0.398
0.41
0.398
0.398
0.433
0.46
0.433
0.489
0.433
0.433
0.433
0.433
0.433
0.433
0.365
0.377
0.365
0.377
0.365
0.365
0.365
0.377
0.377
0.365
0.421
0.497
0.421
0.454
0.421
0.421
0.421
0.454
0.454
0.421
0.454
0.631
0.454
0.568
0.454
0.454
0.454
0.442
0.543
0.454
0.571
0.529
0.571
0.529
0.571
0.571
0.571
0.529
0.529
0.571
0.5
0.481
0.5
0.494
0.5
0.5
0.5
0.481
0.506
0.5
0.45
0.468
0.45
0.468
0.45
0.45
0.45
0.468
0.45
0.45
0.45
0.48
0.45
0.48
0.45
0.45
0.45
0.437
0.394
0.45
0.427
0.452
0.427
0.421
0.427
0.427
0.427
0.421
0.452
0.427
0.496
0.496
0.496
0.515
0.496
0.496
0.496
0.527
0.49
0.496
0.5
0.485
0.5
0.485
0.5
0.5
0.5
0.442
0.442
0.5
0.427
0.427
0.427
0.427
0.427
0.427
0.427
0.427
0.427
0.427
0.485
0.485
0.485
0.485
0.485
0.485
0.485
0.485
0.398
0.485
0.678
0.462
0.678
0.48
0.678
0.678
0.678
0.417
0.417
0.678
0.454
0.497
0.454
0.497
0.454
0.454
0.454
0.497
0.497
0.454
