0.455
0.574
0.485
0.401
0.343
0.412
0.529
0.194
0.415
0.441
0.554
0.375
0.434
0.432
0.488
0.553
0.795
0.468
0.441
0.463
0.525
0.422
0.444
0.544
0.621
0.371
0.609
0.619
0.545
0.261
0.49
0.68
0.476
0.612
0.53
0.484
0.507
0.528
0.472
0.505
0.483
0.407
0.77
0.548
0.612
0.522
0.696
0.348
0.428
0.56
0.632
0.449
0.382
0.55
0.479
0.602
0.584
0.488
0.5
0.434
0.63
0.508
0.459
0.614
0.378
0.544
0.414
0.493
0.451
0.484
0.463
0.568
0.552
0.48
0.417
0.432
0.536
0.576
0.339
0.461
0.515
0.326
0.49
0.441
0.428
0.49
0.537
0.394
0.447
0.411
0.324
0.455
0.44
0.518
0.533
0.378
0.618
0.52
0.822
0.478
0.707
0.465
0.502
0.659
0.453
0.57
0.4
0.5
0.499
0.518
0.609
0.359
0.459
0.641
0.417
0.444
0.374
0.504
0.692
0.252
0.446
0.246
0.411
0.466
0.484
0.494
0.611
0.722
0.46
0.478
0.59
0.398
0.404
0.7
0.548
0.533
0.608
0.52
0.505
0.366
0.473
0.581
0.512
0.484
0.638
0.502
0.493
0.582
0.547
0.582
0.438
0.499
0.415
0.364
0.434
0.379
0.488
0.598
0.57
0.515
0.563
0.53
0.398
0.492
0.473
0.468
0.487
0.407
0.427
0.451
0.382
0.563
0.557
0.514
0.559
0.356
0.552
0.619
0.339
0.452
0.651
0.424
0.39
0.399
0.463
0.447
0.488
0.628
0.478
0.673
0.497
0.533
0.61
0.396
0.444
0.435
0.506
0.411
0.45
0.457
0.515
0.383
0.609
0.534
0.648
0.644
0.541
0.448
0.504
0.479
0.444
0.655
0.459
0.315
0.462
0.384
0.547
0.531
0.388
0.511
0.49
0.434
0.434
0.543
0.442
0.432
0.536
0.553
0.384
0.557
0.466
0.648
0.416
0.476
0.709
0.483
0.583
0.61
0.505
0.426
0.495
0.484
0.514
0.702
0.696
0.443
0.488
0.581
0.388
0.557
0.548
0.588
0.711
0.499
0.601
0.523
0.491
0.46
0.598
0.652
0.704
0.532
0.657
0.555
0.874
0.401
0.246
0.459
0.439
0.622
0.393
0.822
0.686
0.447
0.475
0.412
0.473
0.477
0.543
0.493
0.561
0.487
0.481
0.592
0.502
0.657
0.39
0.445
0.45
0.286
0.559
0.468
0.734
0.516
0.699
0.432
0.28
0.45
0.566
0.533
0.59
0.455
0.437
0.514
0.363
0.505
0.416
0.681
0.545
0.624
0.469
0.677
0.703
0.539
0.465
0.575
0.645
0.372
0.47
0.69
0.491
0.454
0.439
0.559
0.446
0.721
0.415
0.447
0.411
0.451
0.378
0.517
0.457
0.426
0.449
0.761
0.524
0.379
0.587
0.494
0.523
0.571
0.68
0.648
0.622
0.497
0.4
0.406
0.725
0.562
0.422
0.463
0.462
0.409
0.585
0.562
0.403
0.471
0.411
0.467
0.327
0.667
0.429
0.563
0.432
0.524
0.455
0.471
0.389
0.48
0.474
0.437
0.607
0.434
0.539
0.411
0.488
0.524
0.472
0.447
0.616
0.486
0.411
0.448
0.478
0.463
0.45
0.465
0.434
0.451
0.425
0.376
0.505
0.398
0.479
0.486
0.55
0.527
0.403
0.437
0.392
0.422
0.521
0.585
0.434
0.38
0.415
0.41
0.484
0.505
0.494
0.464
0.663
0.542
0.581
0.71
0.574
0.55
0.606
0.44
0.312
0.635
0.489
0.47
0.412
0.403
0.447
0.557
0.434
0.487
0.595
0.351
0.497
0.451
0.59
0.524
0.585
0.823
0.495
0.416
0.415
0.776
0.513
0.415
0.421
0.437
0.427
0.478
0.465
0.66
0.632
0.658
0.472
0.427
0.468
0.557
0.434
0.45
0.651
0.534
0.136
0.624
0.457
0.449
0.651
0.56
0.34
0.687
0.434
0.373
0.528
0.45
0.405
0.512
0.39
0.818
0.328
0.421
0.441
0.405
0.495
0.584
0.471
0.674
0.406
0.501
0.417
0.623
0.416
0.75
0.406
0.432
0.563
0.476
0.422
0.533
0.775
0.618
0.485
0.457
0.488
0.486
0.47
0.478
0.567
0.648
0.441
0.502
0.535
0.648
0.427
0.57
0.489
0.277
0.976
0.418
0.532
0.638
0.58
0.447
0.6
0.424
0.39
0.422
0.496
0.604
0.443
0.528
0.544
0.483
0.377
0.353
0.534
0.642
0.633
0.556
0.483
0.539
0.438
0.47
0.452
0.463
0.462
0.404
0.499
0.534
0.609
0.488
0.5
0.5
0.578
0.478
0.495
0.586
0.554
0.453
0.437
0.434
0.653
0.47
0.459
0.61
0.612
0.388
0.508
0.45
0.451
0.521
0.421
0.45
0.484
0.745
0.379
0.606
0.567
0.424
0.655
0.396
0.505
0.517
0.503
0.23
0.641
0.535
0.416
0.468
0.418
0.629
0.411
0.411
0.45
0.342
0.503
0.479
0.464
0.457
0.431
0.541
0.521
0.511
0.633
0.618
0.553
0.466
0.459
0.583
0.447
0.49
0.43
0.577
0.528
0.53
0.393
0.544
0.532
0.474
0.469
0.431
0.417
0.474
0.406
0.302
0.215
0.438
0.593
0.461
0.412
0.466
0.433
0.511
0.61
0.351
0.484
0.566
0.701
0.398
0.697
0.411
0.69
0.502
0.67
0.533
0.516
0.437
0.406
0.59
0.53
0.528
0.432
0.461
0.416
0.408
0.454
0.437
0.37
0.446
0.326
0.399
0.492
0.564
0.51
0.727
0.367
0.418
0.361
0.485
0.609
0.408
0.426
0.482
0.606
0.421
0.422
0.412
0.585
0.713
0.332
0.389
0.605
0.258
0.441
0.533
0.505
0.448
0.467
0.719
0.457
0.534
0.3
0.579
0.416
0.543
0.448
0.417
0.453
0.432
0.455
0.455
0.33
0.509
0.461
0.466
0.397
0.486
0.521
0.663
0.488
0.405
0.528
0.52
0.477
0.515
0.32
0.422
0.445
0.478
0.619
0.426
0.413
0.522
0.406
0.488
0.605
0.432
0.437
0.521
0.361
0.608
0.456
0.479
0.194
0.489
0.502
0.515
0.495
0.462
0.583
0.515
0.41
0.505
0.506
0.526
0.704
0.485
0.638
0.359
0.455
0.411
0.409
0.426
0.488
0.677
0.401
0.457
0.609
0.405
0.666
0.719
0.488
0.652
0.591
0.782
0.488
0.45
0.468
0.434
0.51
0.441
0.52
0.65
0.398
0.515
0.545
0.455
0.437
0.496
0.463
0.519
0.439
0.389
0.339
0.578
0.607
0.696
0.692
0.695
0.507
0.465
0.428
0.437
0.696
0.505
0.455
0.339
0.284
0.596
0.483
0.525
0.478
0.742
0.619
0.59
0.437
0.592
0.448
0.604
0.579
0.578
0.453
0.437
0.404
0.445
0.48
0.69
0.449
0.577
0.484
0.469
0.457
0.659
0.447
0.417
0.624
0.446
0.515
0.641
0.397
0.39
0.451
0.52
0.49
0.51
0.588
0.512
0.647
0.629
0.686
0.5
0.459
0.465
0.465
0.525
0.52
0.469
0.453
0.416
0.676
0.495
0.622
0.455
0.404
0.56
0.434
0.536
0.442
0.694
0.437
0.512
0.44
0.518
0.505
0.437
0.437
0.467
0.495
0.49
0.442
0.492
0.415
0.473
0.439
0.495
0.416
0.444
0.519
0.604
0.532
0.64
0.754
0.5
0.373
0.436
0.809
0.577
0.602
0.451
0.427
0.466
0.382
0.505
0.765
0.618
0.524
0.457
0.547
0.613
0.487
0.568
0.398
0.574
0.286
0.575
0.553
0.802
0.638
0.284
0.496
0.735
0.528
0.301
0.659
0.405
0.447
0.479
0.536
0.614
0.725
0.437
0.476
0.421
0.597
0.476
0.583
0.515
0.526
0.488
0.455
0.514
0.405
0.533
0.393
0.437
0.609
0.28
0.593
0.688
0.438
0.579
0.694
0.635
0.44
0.438
0.445
0.489
0.39
0.293
0.381
0.425
0.705
0.405
0.533
0.581
0.421
0.648
0.579
0.371
0.548
0.338
0.48
0.599
0.473
0.67
0.504
0.565
0.505
0.553
0.152
0.511
0.451
0.613
0.31
0.52
0.479
0.648
0.652
0.469
0.435
0.567
0.455
0.408
0.438
0.523
0.687
0.505
0.464
0.488
0.365
0.48
0.674
0.417
0.424
0.505
0.432
0.408
0.4
0.693
0.432
0.474
0.571
0.444
0.48
0.542
0.476
0.437
0.561
0.692
0.472
0.582
0.513
0.578
0.469
0.465
0.608
0.411
0.378
0.436
0.442
0.437
0.47
0.477
0.698
0.487
0.444
0.354
0.493
0.481
0.41
0.488
0.452
0.474
0.515
0.49
0.453
0.409
0.552
0.509
0.641
0.762
0.449
0.565
0.428
0.524
0.359
0.405
0.404
0.641
0.577
0.466
0.447
0.405
0.692
0.437
0.381
0.407
0.437
0.584
0.488
0.457
0.626
0.486
0.42
0.495
0.451
0.507
0.664
0.652
0.481
0.629
0.392
0.69
0.402
0.501
0.465
0.59
0.601
0.449
0.332
0.459
0.376
0.399
0.473
0.432
0.652
0.432
0.43
0.769
0.49
0.473
0.459
0.448
0.515
0.478
0.362
0.376
0.522
0.687
0.373
0.503
0.64
0.606
0.422
0.476
0.434
0.409
0.451
0.456
0.488
0.633
0.577
0.46
0.469
0.565
0.474
0.469
0.601
0.59
0.496
0.479
0.306
0.459
0.436
0.427
0.652
0.451
0.45
0.56
0.39
0.413
0.482
0.412
0.5
0.488
0.414
0.595
0.387
0.652
0.5
0.451
0.48
0.503
0.461
0.558
0.38
0.478
0.51
0.605
0.271
0.478
0.611
0.722
0.573
0.528
0.41
0.613
0.552
0.429
0.472
0.592
0.426
0.451
0.596
0.461
0.618
0.679
0.446
0.41
0.413
0.378
0.522
0.476
0.573
0.465
0.486
0.429
0.701
0.451
0.47
0.475
0.68
0.451
0.424
0.418
0.459
0.388
0.512
0.403
0.443
0.453
0.457
0.338
0.496
0.5
0.553
0.546
0.421
0.483
0.466
0.508
0.243
0.612
0.473
0.568
0.484
0.494
0.363
0.525
0.481
0.506
0.444
0.411
0.57
0.527
0.488
0.565
0.438
0.552
0.677
0.449
0.568
0.463
0.481
0.502
0.569
0.553
0.432
0.271
0.542
0.453
0.494
0.392
0.426
0.461
0.787
0.822
0.437
0.53
0.433
0.613
0.541
0.518
0.517
0.759
0.6
0.65
0.723
0.367
0.416
0.441
0.599
0.449
0.694
0.473
0.421
0.453
0.575
0.49
0.463
0.231
0.546
0.516
0.642
0.652
0.405
0.58
0.465
0.406
0.416
0.388
0.461
0.396
0.614
0.532
0.575
0.433
0.605
0.59
0.521
0.51
0.552
0.416
0.545
0.416
0.665
0.661
0.592
0.422
0.433
0.443
0.644
0.665
0.418
0.556
0.524
0.539
0.474
0.422
0.339
0.571
0.542
0.398
0.583
0.447
0.553
0.472
0.527
0.407
0.535
0.487
0.515
0.563
0.548
0.422
0.747
0.517
0.488
0.472
0.46
0.448
0.475
0.474
0.46
0.411
0.475
0.607
0.555
0.552
0.378
0.499
0.463
0.527
0.547
0.688
0.462
0.496
0.534
0.692
0.58
0.582
0.393
0.675
0.431
0.422
0.548
0.483
0.52
0.497
0.481
0.58
0.408
0.353
0.456
0.404
0.435
0.437
0.522
0.544
0.258
0.673
0.27
0.416
0.379
0.405
0.337
0.577
0.366
0.757
0.528
0.716
0.626
0.676
0.442
0.57
0.535
0.304
0.407
0.462
0.536
0.238
0.697
0.542
0.428
0.472
0.563
0.524
0.371
0.523
0.48
0.449
0.62
0.422
0.695
0.538
0.418
0.498
0.372
0.533
0.477
0.441
0.48
0.494
0.585
0.551
0.4
0.514
0.426
0.466
0.366
0.382
0.552
0.481
0.503
0.393
0.393
0.399
0.363
0.638
0.507
0.54
0.547
0.466
0.455
0.399
0.578
0.407
0.655
0.441
0.557
0.433
0.47
0.565
0.597
0.493
0.524
0.456
0.635
0.525
0.685
0.532
0.483
0.453
0.483
0.473
0.489
0.186
0.484
0.748
0.503
0.539
0.467
0.458
0.447
0.468
0.444
0.68
0.398
0.502
0.416
0.6
0.512
0.39
0.321
0.378
0.398
0.488
0.407
0.39
0.379
0.468
0.441
0.484
0.441
0.441
0.432
0.485
0.635
0.524
0.657
0.602
0.533
0.248
0.444
0.692
0.597
0.39
0.528
0.629
0.392
0.464
0.611
0.404
0.461
0.694
0.714
0.542
0.459
0.397
0.474
0.56
0.394
0.575
0.628
0.539
0.534
0.426
0.542
0.277
0.476
0.513
0.502
0.539
0.449
0.388
0.461
0.564
0.453
0.441
0.304
0.434
0.74
0.627
0.56
0.462
0.491
0.465
0.499
0.358
0.709
0.495
0.672
0.442
0.617
0.71
0.641
0.53
0.447
0.469
0.495
0.469
0.4
0.507
0.432
0.533
0.54
0.659
0.491
0.484
0.466
0.478
0.381
0.592
0.459
0.465
0.632
0.764
0.47
0.384
0.422
0.462
0.393
0.474
0.5
0.449
0.478
0.528
0.514
0.459
0.402
0.447
0.378
0.436
0.601
0.376
0.437
0.664
0.584
0.436
0.622
0.447
0.519
0.605
0.461
0.485
0.411
0.474
0.478
0.602
0.479
0.267
0.366
0.362
0.502
0.9
0.506
0.48
0.575
0.449
0.466
0.526
0.406
0.505
0.453
0.19
0.518
0.411
0.675
0.505
0.474
0.473
0.48
0.443
0.527
0.411
0.51
0.422
0.447
0.59
0.661
0.448
0.417
0.416
0.469
0.497
0.452
0.48
0.48
0.488
0.437
0.447
0.715
0.492
0.704
0.523
0.339
0.472
0.515
0.722
0.512
0.437
0.397
0.762
0.687
0.509
0.476
0.657
0.605
0.487
0.493
0.473
