0.458
0.636
0.593
0.606
0.649
0.649
0.489
0.649
0.343
0.593
0.468
0.468
0.468
0.41
0.468
0.468
0.468
0.41
0.468
0.468
0.47
0.39
0.47
0.47
0.47
0.47
0.47
0.47
0.47
0.47
0.508
0.508
0.508
0.45
0.508
0.508
0.527
0.508
0.479
0.508
0.46
0.46
0.46
0.46
0.46
0.46
0.46
0.46
0.46
0.533
0.699
0.422
0.699
0.699
0.699
0.422
0.422
0.699
0.422
0.437
0.41
0.41
0.41
0.41
0.41
0.41
0.41
0.41
0.41
0.41
0.468
0.468
0.468
0.468
0.468
0.468
0.468
0.468
0.468
0.468
0.405
0.448
0.593
0.405
0.405
0.405
0.405
0.405
0.454
0.448
0.489
0.489
0.489
0.489
0.489
0.489
0.47
0.489
0.401
0.489
0.47
0.5
0.5
0.456
0.5
0.5
0.47
0.456
0.5
0.47
0.445
0.445
0.445
0.474
0.445
0.489
0.489
0.387
0.445
0.445
0.632
0.632
0.632
0.632
0.602
0.632
0.544
0.676
0.632
0.632
0.433
0.636
0.666
0.666
0.666
0.636
0.636
0.636
0.636
0.433
0.485
0.485
0.485
0.485
0.485
0.485
0.485
0.489
0.485
0.485
0.46
0.46
0.431
0.46
0.751
0.46
0.46
0.751
0.46
0.46
0.454
0.468
0.454
0.454
0.467
0.468
0.468
0.468
0.468
0.454
0.421
0.421
0.366
0.421
0.464
0.445
0.464
0.489
0.436
0.464
0.46
0.518
0.46
0.46
0.46
0.46
0.46
0.503
0.46
0.401
0.541
0.395
0.541
0.512
0.512
0.395
0.395
0.395
0.395
0.541
0.577
0.577
0.577
0.767
0.635
0.577
0.577
0.767
0.577
0.563
0.436
0.436
0.448
0.436
0.436
0.436
0.442
0.436
0.436
0.436
0.531
0.586
0.586
0.586
0.499
0.586
0.586
0.586
0.586
0.555
0.464
0.464
0.464
0.654
0.464
0.464
0.464
0.464
0.464
0.464
0.442
0.442
0.442
0.442
0.442
0.442
0.442
0.442
0.442
0.442
0.241
0.405
0.35
0.405
0.46
0.405
0.454
0.485
0.46
0.186
0.603
0.599
0.585
0.585
0.624
0.593
0.599
0.624
0.531
0.585
0.657
0.584
0.614
0.657
0.643
0.584
0.657
0.643
0.614
0.614
0.442
0.442
0.442
0.442
0.442
0.47
0.442
0.368
0.47
0.442
0.454
0.454
0.483
0.483
0.483
0.483
0.454
0.41
0.483
0.454
0.454
0.454
0.454
0.42
0.435
0.435
0.439
0.454
0.435
0.439
0.454
0.439
0.439
0.395
0.439
0.439
0.439
0.57
0.541
0.454
0.489
0.489
0.489
0.489
0.489
0.649
0.489
0.649
0.489
0.47
0.439
0.421
0.479
0.421
0.421
0.421
0.439
0.421
0.421
0.497
0.398
0.398
0.398
0.398
0.398
0.398
0.398
0.398
0.398
0.483
0.433
0.433
0.405
0.489
0.433
0.476
0.476
0.433
0.433
0.489
0.377
0.377
0.377
0.377
0.377
0.377
0.377
0.408
0.377
0.377
0.454
0.454
0.454
0.497
0.454
0.442
0.448
0.454
0.454
0.454
0.442
0.543
0.602
0.543
0.442
0.649
0.442
0.543
0.543
0.442
0.529
0.529
0.547
0.529
0.529
0.529
0.529
0.529
0.547
0.547
0.5
0.494
0.494
0.494
0.506
0.494
0.494
0.45
0.45
0.494
0.45
0.45
0.45
0.468
0.468
0.474
0.468
0.45
0.439
0.468
0.45
0.45
0.45
0.45
0.437
0.45
0.45
0.505
0.45
0.45
0.452
0.452
0.452
0.452
0.452
0.452
0.421
0.452
0.452
0.452
0.515
0.515
0.515
0.515
0.515
0.515
0.515
0.515
0.417
0.515
0.442
0.5
0.442
0.442
0.5
0.5
0.485
0.485
0.5
0.442
0.427
0.427
0.427
0.427
0.427
0.427
0.427
0.445
0.427
0.427
0.485
0.485
0.485
0.442
0.485
0.398
0.485
0.427
0.485
0.485
0.417
0.437
0.466
0.417
0.431
0.48
0.462
0.431
0.431
0.423
0.497
0.497
0.497
0.497
0.497
0.497
0.497
0.526
0.497
0.497
