0.451
0.451
0.628
0.56
0.628
0.628
0.451
0.628
0.466
0.451
0.487
0.465
0.419
0.506
0.465
0.487
0.465
0.465
0.487
0.487
0.479
0.302
0.302
0.493
0.479
0.302
0.452
0.465
0.479
0.43
0.468
0.468
0.468
0.536
0.413
0.468
0.446
0.481
0.413
0.431
0.487
0.487
0.487
0.487
0.487
0.487
0.487
0.487
0.487
0.487
0.538
0.484
0.411
0.561
0.538
0.708
0.538
0.686
0.683
0.506
0.465
0.465
0.465
0.465
0.465
0.465
0.465
0.465
0.465
0.465
0.425
0.451
0.561
0.451
0.451
0.451
0.451
0.451
0.451
0.384
0.431
0.417
0.431
0.431
0.417
0.417
0.431
0.431
0.268
0.431
0.46
0.46
0.46
0.487
0.46
0.46
0.487
0.46
0.46
0.487
0.54
0.554
0.554
0.649
0.554
0.554
0.554
0.649
0.554
0.473
0.396
0.396
0.396
0.475
0.368
0.368
0.396
0.368
0.396
0.396
0.624
0.624
0.624
0.569
0.624
0.624
0.624
0.624
0.624
0.624
0.389
0.457
0.389
0.457
0.457
0.486
0.457
0.457
0.457
0.374
0.532
0.614
0.522
0.522
0.614
0.614
0.522
0.614
0.332
0.532
0.527
0.527
0.438
0.418
0.418
0.418
0.527
0.418
0.418
0.527
0.419
0.419
0.419
0.351
0.314
0.419
0.405
0.501
0.419
0.382
0.473
0.473
0.473
0.488
0.488
0.488
0.451
0.488
0.488
0.437
0.527
0.527
0.527
0.549
0.413
0.527
0.446
0.549
0.527
0.405
0.493
0.493
0.493
0.588
0.493
0.493
0.507
0.493
0.493
0.507
0.439
0.439
0.439
0.507
0.439
0.439
0.439
0.439
0.439
0.439
0.508
0.508
0.508
0.508
0.545
0.508
0.505
0.531
0.508
0.468
0.577
0.577
0.577
0.455
0.461
0.577
0.577
0.509
0.57
0.54
0.446
0.446
0.446
0.487
0.446
0.446
0.446
0.487
0.446
0.446
0.584
0.541
0.447
0.582
0.582
0.568
0.562
0.562
0.612
0.541
0.483
0.446
0.483
0.606
0.523
0.446
0.469
0.483
0.334
0.483
0.56
0.619
0.56
0.56
0.619
0.56
0.547
0.619
0.56
0.56
0.636
0.636
0.65
0.636
0.636
0.636
0.636
0.636
0.636
0.636
0.351
0.351
0.351
0.419
0.419
0.351
0.351
0.526
0.351
0.351
0.561
0.561
0.561
0.561
0.561
0.561
0.561
0.466
0.549
0.561
0.541
0.541
0.46
0.541
0.541
0.519
0.519
0.378
0.519
0.464
0.468
0.468
0.468
0.455
0.509
0.468
0.468
0.481
0.509
0.432
0.427
0.427
0.427
0.427
0.427
0.39
0.39
0.427
0.427
0.427
0.44
0.549
0.549
0.508
0.44
0.549
0.549
0.549
0.549
0.549
0.493
0.493
0.425
0.467
0.493
0.493
0.493
0.493
0.493
0.493
0.541
0.541
0.541
0.541
0.541
0.541
0.541
0.541
0.541
0.541
0.419
0.419
0.419
0.501
0.419
0.36
0.419
0.419
0.419
0.36
0.46
0.46
0.46
0.46
0.46
0.446
0.46
0.46
0.46
0.46
0.472
0.472
0.579
0.499
0.538
0.56
0.472
0.432
0.538
0.472
0.454
0.454
0.454
0.454
0.454
0.454
0.454
0.494
0.494
0.417
0.455
0.455
0.455
0.455
0.509
0.455
0.455
0.455
0.455
0.418
0.55
0.55
0.509
0.509
0.55
0.509
0.55
0.55
0.55
0.441
0.604
0.604
0.604
0.671
0.604
0.604
0.604
0.481
0.604
0.604
0.51
0.51
0.546
0.476
0.476
0.494
0.462
0.524
0.532
0.44
0.488
0.496
0.496
0.496
0.496
0.496
0.459
0.55
0.488
0.444
0.331
0.46
0.331
0.324
0.324
0.331
0.438
0.331
0.331
0.424
0.391
0.391
0.527
0.391
0.391
0.556
0.391
0.391
0.527
0.527
0.248
0.438
0.248
0.248
0.248
0.248
0.248
0.248
0.248
0.248
0.442
0.464
0.464
0.633
0.524
0.546
0.457
0.524
0.538
0.451
0.483
0.483
0.483
0.523
0.509
0.483
0.446
0.428
0.483
0.431
