0.624
0.639
0.624
0.571
0.462
0.624
0.624
0.462
0.624
0.624
0.469
0.491
0.469
0.469
0.469
0.469
0.469
0.469
0.469
0.469
0.299
0.45
0.299
0.276
0.299
0.299
0.476
0.476
0.299
0.299
0.442
0.442
0.464
0.427
0.442
0.477
0.427
0.427
0.442
0.442
0.45
0.45
0.45
0.45
0.45
0.45
0.409
0.368
0.45
0.45
0.565
0.713
0.565
0.415
0.565
0.713
0.542
0.565
0.713
0.713
0.469
0.469
0.469
0.469
0.469
0.469
0.469
0.469
0.469
0.469
0.592
0.592
0.592
0.455
0.455
0.455
0.592
0.428
0.428
0.592
0.448
0.435
0.421
0.427
0.421
0.435
0.421
0.421
0.421
0.435
0.464
0.464
0.464
0.491
0.464
0.477
0.464
0.464
0.464
0.464
0.564
0.55
0.55
0.483
0.55
0.55
0.469
0.55
0.55
0.55
0.391
0.391
0.391
0.391
0.364
0.391
0.391
0.391
0.391
0.391
0.628
0.628
0.702
0.628
0.628
0.628
0.628
0.628
0.628
0.628
0.455
0.455
0.387
0.44
0.455
0.455
0.455
0.455
0.455
0.455
0.618
0.428
0.526
0.526
0.618
0.526
0.428
0.618
0.559
0.335
0.415
0.435
0.415
0.415
0.415
0.435
0.523
0.415
0.415
0.435
0.317
0.468
0.559
0.468
0.505
0.505
0.468
0.468
0.483
0.483
0.477
0.477
0.492
0.536
0.536
0.477
0.44
0.44
0.455
0.492
0.531
0.553
0.553
0.531
0.531
0.553
0.531
0.531
0.553
0.531
0.491
0.6
0.6
0.491
0.491
0.505
0.491
0.491
0.491
0.491
0.423
0.423
0.477
0.423
0.423
0.45
0.423
0.423
0.437
0.423
0.512
0.512
0.472
0.512
0.512
0.472
0.512
0.512
0.549
0.512
0.573
0.565
0.447
0.565
0.573
0.565
0.565
0.565
0.447
0.573
0.442
0.442
0.442
0.442
0.442
0.442
0.442
0.442
0.442
0.442
0.572
0.436
0.587
0.545
0.589
0.458
0.409
0.589
0.567
0.45
0.487
0.486
0.45
0.486
0.45
0.486
0.501
0.45
0.486
0.486
0.557
0.557
0.557
0.557
0.616
0.571
0.616
0.557
0.557
0.557
0.647
0.674
0.647
0.647
0.647
0.647
0.647
0.647
0.647
0.647
0.355
0.355
0.355
0.355
0.355
0.355
0.355
0.355
0.355
0.355
0.587
0.437
0.557
0.557
0.557
0.437
0.557
0.587
0.557
0.557
0.545
0.427
0.505
0.468
0.505
0.464
0.508
0.468
0.483
0.442
0.45
0.673
0.45
0.51
0.523
0.464
0.427
0.427
0.464
0.464
0.43
0.393
0.43
0.393
0.393
0.393
0.43
0.43
0.43
0.43
0.437
0.545
0.545
0.505
0.505
0.545
0.545
0.545
0.545
0.545
0.491
0.491
0.491
0.491
0.491
0.491
0.491
0.545
0.491
0.491
0.573
0.545
0.545
0.545
0.545
0.545
0.545
0.573
0.545
0.573
0.423
0.364
0.423
0.364
0.423
0.364
0.423
0.423
0.423
0.43
0.464
0.45
0.464
0.422
0.464
0.464
0.45
0.45
0.464
0.45
0.445
0.427
0.468
0.468
0.468
0.494
0.542
0.534
0.468
0.468
0.45
0.45
0.45
0.413
0.45
0.45
0.45
0.413
0.45
0.45
0.505
0.428
0.428
0.413
0.45
0.477
0.45
0.45
0.45
0.45
0.545
0.409
0.505
0.437
0.437
0.505
0.545
0.505
0.505
0.409
0.6
0.6
0.6
0.6
0.6
0.6
0.6
0.6
0.6
0.6
0.586
0.49
0.501
0.49
0.506
0.492
0.506
0.52
0.498
0.472
0.492
0.463
0.485
0.522
0.492
0.492
0.468
0.468
0.455
0.647
0.327
0.409
0.45
0.413
0.45
0.409
0.428
0.413
0.442
0.416
0.387
0.387
0.387
0.372
0.387
0.428
0.387
0.387
0.387
0.387
0.251
0.251
0.251
0.251
0.251
0.251
0.251
0.251
0.251
0.251
0.44
0.492
0.44
0.44
0.545
0.455
0.463
0.44
0.44
0.455
0.479
0.479
0.479
0.427
0.479
0.506
0.427
0.427
0.435
0.479
