0.447
0.447
0.624
0.556
0.624
0.624
0.447
0.624
0.462
0.447
0.491
0.469
0.423
0.51
0.469
0.491
0.469
0.469
0.491
0.491
0.476
0.299
0.299
0.49
0.476
0.299
0.45
0.463
0.476
0.427
0.464
0.464
0.464
0.532
0.409
0.464
0.442
0.477
0.409
0.427
0.491
0.491
0.491
0.491
0.491
0.491
0.491
0.491
0.491
0.491
0.542
0.488
0.415
0.565
0.542
0.713
0.542
0.69
0.687
0.51
0.469
0.469
0.469
0.469
0.469
0.469
0.469
0.469
0.469
0.469
0.428
0.455
0.565
0.455
0.455
0.455
0.455
0.455
0.455
0.387
0.435
0.421
0.435
0.435
0.421
0.421
0.435
0.435
0.271
0.435
0.464
0.464
0.464
0.491
0.464
0.464
0.491
0.464
0.464
0.491
0.536
0.55
0.55
0.646
0.55
0.55
0.55
0.646
0.55
0.469
0.391
0.391
0.391
0.47
0.364
0.364
0.391
0.364
0.391
0.391
0.628
0.628
0.628
0.573
0.628
0.628
0.628
0.628
0.628
0.628
0.387
0.455
0.387
0.455
0.455
0.485
0.455
0.455
0.455
0.372
0.536
0.618
0.526
0.526
0.618
0.618
0.526
0.618
0.335
0.536
0.523
0.523
0.435
0.415
0.415
0.415
0.523
0.415
0.415
0.523
0.423
0.423
0.423
0.355
0.317
0.423
0.409
0.505
0.423
0.386
0.477
0.477
0.477
0.492
0.492
0.492
0.455
0.492
0.492
0.44
0.531
0.531
0.531
0.553
0.416
0.531
0.45
0.553
0.531
0.408
0.491
0.491
0.491
0.587
0.491
0.491
0.505
0.491
0.491
0.505
0.437
0.437
0.437
0.505
0.437
0.437
0.437
0.437
0.437
0.437
0.512
0.512
0.512
0.512
0.549
0.512
0.508
0.535
0.512
0.472
0.573
0.573
0.573
0.45
0.457
0.573
0.573
0.505
0.565
0.536
0.442
0.442
0.442
0.483
0.442
0.442
0.442
0.483
0.442
0.442
0.589
0.545
0.45
0.587
0.587
0.572
0.567
0.567
0.616
0.545
0.486
0.45
0.486
0.61
0.527
0.45
0.473
0.486
0.337
0.486
0.557
0.616
0.557
0.557
0.616
0.557
0.543
0.616
0.557
0.557
0.633
0.633
0.647
0.633
0.633
0.633
0.633
0.633
0.633
0.633
0.355
0.355
0.355
0.423
0.423
0.355
0.355
0.53
0.355
0.355
0.557
0.557
0.557
0.557
0.557
0.557
0.557
0.462
0.545
0.557
0.545
0.545
0.464
0.545
0.545
0.523
0.523
0.382
0.523
0.468
0.464
0.464
0.464
0.45
0.505
0.464
0.464
0.477
0.505
0.427
0.43
0.43
0.43
0.43
0.43
0.393
0.393
0.43
0.43
0.43
0.437
0.545
0.545
0.505
0.437
0.545
0.545
0.545
0.545
0.545
0.491
0.491
0.423
0.464
0.491
0.491
0.491
0.491
0.491
0.491
0.545
0.545
0.545
0.545
0.545
0.545
0.545
0.545
0.545
0.545
0.423
0.423
0.423
0.505
0.423
0.364
0.423
0.423
0.423
0.364
0.464
0.464
0.464
0.464
0.464
0.45
0.464
0.464
0.464
0.464
0.468
0.468
0.575
0.495
0.534
0.556
0.468
0.427
0.534
0.468
0.45
0.45
0.45
0.45
0.45
0.45
0.45
0.491
0.491
0.413
0.45
0.45
0.45
0.45
0.505
0.45
0.45
0.45
0.45
0.413
0.545
0.545
0.505
0.505
0.545
0.505
0.545
0.545
0.545
0.437
0.6
0.6
0.6
0.669
0.6
0.6
0.6
0.477
0.6
0.6
0.506
0.506
0.542
0.472
0.472
0.49
0.458
0.52
0.528
0.436
0.485
0.492
0.492
0.492
0.492
0.492
0.455
0.547
0.485
0.44
0.335
0.464
0.335
0.327
0.327
0.335
0.442
0.335
0.335
0.427
0.387
0.387
0.523
0.387
0.387
0.553
0.387
0.387
0.523
0.523
0.251
0.442
0.251
0.251
0.251
0.251
0.251
0.251
0.251
0.251
0.44
0.463
0.463
0.632
0.522
0.545
0.455
0.522
0.537
0.45
0.479
0.479
0.479
0.52
0.506
0.479
0.442
0.424
0.479
0.427
