0.628
0.643
0.628
0.575
0.466
0.628
0.628
0.466
0.628
0.628
0.465
0.487
0.465
0.465
0.465
0.465
0.465
0.465
0.465
0.465
0.302
0.452
0.302
0.28
0.302
0.302
0.479
0.479
0.302
0.302
0.446
0.446
0.468
0.431
0.446
0.481
0.431
0.431
0.446
0.446
0.447
0.447
0.447
0.447
0.447
0.447
0.405
0.365
0.447
0.447
0.561
0.708
0.561
0.411
0.561
0.708
0.538
0.561
0.708
0.708
0.465
0.465
0.465
0.465
0.465
0.465
0.465
0.465
0.465
0.465
0.588
0.588
0.588
0.451
0.451
0.451
0.588
0.425
0.425
0.588
0.444
0.431
0.417
0.424
0.417
0.431
0.417
0.417
0.417
0.431
0.46
0.46
0.46
0.487
0.46
0.473
0.46
0.46
0.46
0.46
0.567
0.554
0.554
0.486
0.554
0.554
0.473
0.554
0.554
0.554
0.396
0.396
0.396
0.396
0.368
0.396
0.396
0.396
0.396
0.396
0.624
0.624
0.698
0.624
0.624
0.624
0.624
0.624
0.624
0.624
0.457
0.457
0.389
0.442
0.457
0.457
0.457
0.457
0.457
0.457
0.614
0.424
0.522
0.522
0.614
0.522
0.424
0.614
0.555
0.332
0.418
0.438
0.418
0.418
0.418
0.438
0.527
0.418
0.418
0.438
0.314
0.464
0.555
0.464
0.501
0.501
0.464
0.464
0.479
0.479
0.473
0.473
0.488
0.532
0.532
0.473
0.437
0.437
0.451
0.488
0.527
0.549
0.549
0.527
0.527
0.549
0.527
0.527
0.549
0.527
0.493
0.602
0.602
0.493
0.493
0.507
0.493
0.493
0.493
0.493
0.426
0.426
0.48
0.426
0.426
0.453
0.426
0.426
0.439
0.426
0.508
0.508
0.468
0.508
0.508
0.468
0.508
0.508
0.545
0.508
0.577
0.57
0.452
0.57
0.577
0.57
0.57
0.57
0.452
0.577
0.446
0.446
0.446
0.446
0.446
0.446
0.446
0.446
0.446
0.446
0.568
0.432
0.582
0.541
0.584
0.454
0.405
0.584
0.562
0.447
0.483
0.483
0.446
0.483
0.446
0.483
0.497
0.446
0.483
0.483
0.56
0.56
0.56
0.56
0.619
0.574
0.619
0.56
0.56
0.56
0.65
0.677
0.65
0.65
0.65
0.65
0.65
0.65
0.65
0.65
0.351
0.351
0.351
0.351
0.351
0.351
0.351
0.351
0.351
0.351
0.59
0.441
0.561
0.561
0.561
0.441
0.561
0.59
0.561
0.561
0.541
0.424
0.501
0.464
0.501
0.46
0.505
0.464
0.479
0.438
0.455
0.677
0.455
0.514
0.527
0.468
0.432
0.432
0.468
0.468
0.427
0.39
0.427
0.39
0.39
0.39
0.427
0.427
0.427
0.427
0.44
0.549
0.549
0.508
0.508
0.549
0.549
0.549
0.549
0.549
0.493
0.493
0.493
0.493
0.493
0.493
0.493
0.548
0.493
0.493
0.569
0.541
0.541
0.541
0.541
0.541
0.541
0.569
0.541
0.569
0.419
0.36
0.419
0.36
0.419
0.36
0.419
0.419
0.419
0.427
0.46
0.446
0.46
0.418
0.46
0.46
0.446
0.446
0.46
0.446
0.45
0.432
0.472
0.472
0.472
0.498
0.546
0.538
0.472
0.472
0.454
0.454
0.454
0.417
0.454
0.454
0.454
0.417
0.454
0.454
0.509
0.433
0.433
0.418
0.455
0.481
0.455
0.455
0.455
0.455
0.55
0.414
0.509
0.441
0.441
0.509
0.55
0.509
0.509
0.414
0.604
0.604
0.604
0.604
0.604
0.604
0.604
0.604
0.604
0.604
0.59
0.494
0.505
0.494
0.51
0.496
0.51
0.524
0.503
0.476
0.496
0.466
0.488
0.525
0.496
0.496
0.471
0.471
0.459
0.649
0.324
0.405
0.447
0.41
0.447
0.405
0.425
0.41
0.438
0.413
0.391
0.391
0.391
0.376
0.391
0.432
0.391
0.391
0.391
0.391
0.248
0.248
0.248
0.248
0.248
0.248
0.248
0.248
0.248
0.248
0.442
0.494
0.442
0.442
0.546
0.457
0.464
0.442
0.442
0.457
0.483
0.483
0.483
0.431
0.483
0.509
0.431
0.431
0.438
0.483
