0.489
0.672
0.383
0.374
0.496
0.324
0.605
0.344
0.456
0.605
0.516
0.495
0.459
0.412
0.496
0.637
0.585
0.414
0.47
0.434
0.318
0.423
0.447
0.565
0.46
0.476
0.592
0.53
0.595
0.405
0.469
0.684
0.599
0.462
0.42
0.51
0.506
0.57
0.5
0.417
0.491
0.488
0.483
0.501
0.653
0.58
0.583
0.305
0.486
0.322
0.605
0.449
0.418
0.537
0.413
0.47
0.511
0.496
0.642
0.394
0.549
0.442
0.469
0.657
0.286
0.413
0.456
0.438
0.385
0.426
0.482
0.582
0.496
0.45
0.592
0.488
0.473
0.633
0.433
0.592
0.464
0.469
0.539
0.437
0.545
0.507
0.512
0.244
0.444
0.499
0.334
0.31
0.612
0.507
0.573
0.335
0.618
0.468
0.659
0.575
0.67
0.396
0.488
0.492
0.448
0.529
0.44
0.459
0.455
0.45
0.592
0.451
0.406
0.625
0.421
0.496
0.423
0.536
0.638
0.563
0.471
0.381
0.486
0.47
0.607
0.393
0.634
0.7
0.445
0.527
0.638
0.437
0.386
0.611
0.676
0.597
0.625
0.514
0.512
0.496
0.501
0.623
0.51
0.43
0.6
0.542
0.524
0.432
0.575
0.645
0.584
0.467
0.406
0.517
0.445
0.502
0.419
0.418
0.482
0.513
0.386
0.453
0.499
0.459
0.445
0.432
0.469
0.414
0.499
0.485
0.406
0.63
0.48
0.536
0.532
0.388
0.549
0.448
0.361
0.501
0.599
0.462
0.457
0.365
0.507
0.471
0.428
0.606
0.486
0.582
0.574
0.795
0.565
0.444
0.463
0.526
0.63
0.587
0.282
0.421
0.455
0.555
0.638
0.579
0.656
0.509
0.655
0.264
0.45
0.48
0.553
0.517
0.434
0.444
0.475
0.456
0.52
0.448
0.496
0.491
0.622
0.426
0.51
0.629
0.469
0.455
0.441
0.49
0.518
0.549
0.501
0.7
0.541
0.46
0.609
0.65
0.535
0.59
0.367
0.473
0.421
0.474
0.455
0.544
0.8
0.466
0.414
0.621
0.392
0.419
0.266
0.513
0.48
0.455
0.617
0.463
0.448
0.458
0.623
0.733
0.688
0.379
0.457
0.597
0.875
0.456
0.381
0.569
0.458
0.51
0.499
0.635
0.688
0.636
0.497
0.42
0.375
0.448
0.594
0.537
0.504
0.554
0.514
0.41
0.488
0.661
0.421
0.443
0.448
0.542
0.606
0.489
0.661
0.578
0.648
0.434
0.332
0.504
0.422
0.495
0.586
0.396
0.465
0.43
0.346
0.567
0.575
0.746
0.483
0.621
0.42
0.558
0.428
0.549
0.469
0.576
0.541
0.388
0.471
0.642
0.427
0.423
0.447
0.5
0.471
0.61
0.4
0.444
0.558
0.485
0.473
0.529
0.402
0.418
0.445
0.504
0.581
0.386
0.491
0.575
0.47
0.418
0.591
0.442
0.644
0.545
0.422
0.447
0.602
0.57
0.342
0.459
0.47
0.516
0.597
0.41
0.454
0.469
0.341
0.312
0.317
0.779
0.245
0.55
0.452
0.456
0.517
0.785
0.313
0.463
0.568
0.445
0.65
0.51
0.384
0.46
0.623
0.533
0.473
0.304
0.485
0.536
0.432
0.511
0.553
0.434
0.498
0.427
0.584
0.197
0.482
0.548
0.703
0.426
0.47
0.482
0.437
0.45
0.315
0.388
0.392
0.418
0.469
0.441
0.447
0.418
0.631
0.392
0.449
0.386
0.608
0.465
0.611
0.501
0.586
0.463
0.553
0.437
0.502
0.416
0.459
0.701
0.537
0.449
0.51
0.5
0.536
0.62
0.485
0.436
0.616
0.625
0.46
0.344
0.696
0.377
0.593
0.632
0.608
0.418
0.416
0.833
0.595
0.607
0.487
0.453
0.491
0.51
0.44
0.499
0.736
0.686
0.529
0.459
0.432
0.469
0.5
0.427
0.545
0.552
0.506
0.531
0.49
0.485
0.51
0.54
0.554
0.427
0.447
0.426
0.482
0.462
0.425
0.669
0.469
0.723
0.496
0.493
0.222
0.615
0.445
0.559
0.428
0.681
0.444
0.375
0.392
0.531
0.469
0.601
0.47
0.406
0.495
0.414
0.518
0.43
0.386
0.59
0.437
0.42
0.42
0.487
0.446
0.536
0.513
0.624
0.452
0.418
0.587
0.46
0.424
0.651
0.482
0.563
0.881
0.449
0.498
0.587
0.438
0.471
0.563
0.39
0.394
0.507
0.451
0.577
0.492
0.517
0.496
0.371
0.444
0.434
0.287
0.617
0.559
0.547
0.537
0.593
0.472
0.32
0.608
0.456
0.422
0.469
0.515
0.423
0.561
0.496
0.452
0.463
0.411
0.676
0.474
0.572
0.453
0.359
0.526
0.418
0.496
0.456
0.402
0.325
0.766
0.339
0.565
0.608
0.428
0.512
0.487
0.416
0.561
0.635
0.416
0.522
0.505
0.426
0.471
0.44
0.567
0.527
0.499
0.375
0.469
0.437
0.471
0.495
0.369
0.518
0.483
0.477
0.584
0.479
0.527
0.638
0.394
0.486
0.534
0.51
0.551
0.448
0.483
0.568
0.601
0.606
0.541
0.511
0.378
0.326
0.666
0.59
0.527
0.464
0.36
0.561
0.49
0.501
0.596
0.644
0.44
0.497
0.422
0.15
0.309
0.448
0.572
0.459
0.486
0.655
0.5
0.521
0.385
0.51
0.383
0.505
0.621
0.411
0.604
0.396
0.52
0.473
0.52
0.68
0.45
0.399
0.392
0.585
0.749
0.613
0.592
0.455
0.507
0.416
0.432
0.445
0.428
0.47
0.428
0.599
0.426
0.485
0.442
0.46
0.404
0.39
0.33
0.343
0.582
0.325
0.626
0.553
0.668
0.426
0.456
0.36
0.58
0.545
0.428
0.358
0.491
0.363
0.485
0.634
0.504
0.616
0.444
0.455
0.496
0.524
0.417
0.524
0.478
0.386
0.337
0.542
0.472
0.509
0.539
0.537
0.271
0.526
0.481
0.501
0.399
0.492
0.512
0.462
0.403
0.432
0.463
0.553
0.502
0.508
0.576
0.471
0.345
0.582
0.58
0.429
0.533
0.497
0.564
0.468
0.541
0.453
0.494
0.419
0.342
0.755
0.55
0.527
0.344
0.48
0.543
0.399
0.573
0.45
0.697
0.601
0.414
0.33
0.712
0.396
0.733
0.422
0.4
0.418
0.456
0.482
0.46
0.527
0.491
0.718
0.416
0.321
0.372
0.346
0.691
0.65
0.496
0.577
0.551
0.763
0.435
0.456
0.507
0.532
0.587
0.478
0.553
0.584
0.22
0.628
0.659
0.453
0.515
0.512
0.425
0.605
0.496
0.336
0.469
0.568
0.529
0.557
0.666
0.663
0.409
0.455
0.459
0.564
0.644
0.634
0.523
0.459
0.348
0.513
0.373
0.481
0.5
0.843
0.67
0.532
0.445
0.665
0.389
0.408
0.582
0.62
0.41
0.422
0.399
0.374
0.564
0.692
0.515
0.495
0.418
0.477
0.688
0.669
0.332
0.47
0.589
0.601
0.397
0.617
0.51
0.404
0.362
0.517
0.666
0.71
0.618
0.609
0.657
0.586
0.734
0.496
0.496
0.472
0.412
0.544
0.406
0.561
0.51
0.556
0.597
0.446
0.666
0.492
0.424
0.496
0.454
0.512
0.45
0.708
0.464
0.491
0.484
0.383
0.59
0.445
0.445
0.47
0.336
0.374
0.457
0.504
0.455
0.638
0.478
0.493
0.474
0.388
0.453
0.63
0.432
0.66
0.843
0.367
0.404
0.447
0.66
0.602
0.536
0.404
0.495
0.334
0.385
0.408
0.623
0.487
0.575
0.467
0.382
0.357
0.476
0.464
0.442
0.626
0.614
0.479
0.637
0.72
0.429
0.432
0.634
0.591
0.612
0.428
0.656
0.418
0.564
0.407
0.484
0.546
0.795
0.467
0.455
0.457
0.602
0.455
0.488
0.411
0.522
0.344
0.512
0.49
0.501
0.52
0.453
0.454
0.496
0.37
0.706
0.701
0.558
0.585
0.855
0.638
0.527
0.49
0.447
0.457
0.521
0.396
0.664
0.391
0.705
0.418
0.388
0.594
0.565
0.556
0.482
0.461
0.251
0.35
0.341
0.507
0.43
0.612
0.492
0.539
0.491
0.679
0.273
0.531
0.561
0.477
0.595
0.47
0.447
0.583
0.485
0.399
0.551
0.399
0.423
0.432
0.597
0.43
0.628
0.57
0.51
0.459
0.377
0.527
0.686
0.399
0.408
0.501
0.388
0.402
0.338
0.496
0.434
0.556
0.505
0.399
0.508
0.486
0.51
0.445
0.454
0.446
0.469
0.639
0.593
0.665
0.51
0.563
0.46
0.447
0.406
0.401
0.389
0.396
0.368
0.571
0.507
0.416
0.496
0.396
0.515
0.552
0.305
0.474
0.373
0.507
0.399
0.482
0.456
0.399
0.569
0.678
0.567
0.77
0.597
0.568
0.484
0.429
0.261
0.532
0.587
0.532
0.565
0.486
0.474
0.297
0.563
0.437
0.392
0.578
0.447
0.547
0.541
0.474
0.614
0.496
0.394
0.564
0.419
0.527
0.485
0.479
0.618
0.473
0.47
0.684
0.581
0.49
0.455
0.578
0.43
0.458
0.375
0.407
0.404
0.44
0.459
0.445
0.705
0.502
0.382
0.624
0.559
0.543
0.451
0.566
0.625
0.537
0.489
0.385
0.741
0.65
0.327
0.568
0.53
0.693
0.392
0.488
0.432
0.448
0.486
0.565
0.491
0.534
0.63
0.529
0.473
0.414
0.413
0.519
0.599
0.634
0.51
0.427
0.405
0.443
0.414
0.477
0.663
0.428
0.407
0.749
0.445
0.616
0.46
0.469
0.396
0.496
0.488
0.711
0.6
0.469
0.756
0.521
0.415
0.5
0.414
0.545
0.43
0.467
0.365
0.787
0.307
0.393
0.665
0.635
0.63
0.557
0.474
0.58
0.45
0.45
0.563
0.405
0.692
0.423
0.488
0.457
0.77
0.709
0.466
0.548
0.417
0.52
0.5
0.278
0.447
0.517
0.608
0.55
0.644
0.645
0.531
0.432
0.483
0.595
0.567
0.325
0.499
0.473
0.352
0.447
0.41
0.637
0.433
0.49
0.432
0.394
0.5
0.444
0.393
0.597
0.485
0.517
0.331
0.379
0.519
0.649
0.554
0.495
0.438
0.481
0.518
0.47
0.392
0.436
0.491
0.286
0.442
0.749
0.426
0.495
0.629
0.444
0.57
0.573
0.501
0.478
0.517
0.56
0.444
0.478
0.526
0.414
0.487
0.481
0.46
0.366
0.714
0.523
0.382
0.358
0.438
0.452
0.585
0.496
0.505
0.477
0.669
0.566
0.68
0.439
0.458
0.385
0.66
0.457
0.669
0.391
0.353
0.275
0.496
0.517
0.481
0.413
0.635
0.524
0.527
0.675
0.432
0.609
0.548
0.387
0.472
0.545
0.545
0.609
0.414
0.448
0.531
0.46
0.609
0.63
0.469
0.584
0.478
0.382
0.435
0.445
0.594
0.666
0.507
0.432
0.474
0.398
0.642
0.587
0.36
0.547
0.353
0.547
0.563
0.41
0.345
0.531
0.496
0.396
0.441
0.4
0.51
0.495
0.59
0.409
0.543
0.406
0.544
0.619
0.645
0.558
0.673
0.474
0.489
0.482
0.601
0.544
0.429
0.564
0.677
0.488
0.441
0.36
0.759
0.441
0.407
0.406
0.488
0.45
0.437
0.605
0.397
0.338
0.326
0.791
0.594
0.495
0.418
0.733
0.317
0.507
0.266
0.496
0.342
0.477
0.47
0.501
0.485
0.454
0.503
0.374
0.383
0.338
0.534
0.609
0.23
0.516
0.347
0.478
0.418
0.433
0.444
0.523
0.469
0.733
0.425
0.466
0.58
0.597
0.418
0.491
0.808
0.394
0.578
0.442
0.634
0.344
0.587
0.563
0.439
0.682
0.433
0.629
0.415
0.54
0.519
0.448
0.528
0.603
0.547
0.423
0.5
0.527
0.58
0.563
0.471
0.561
0.503
0.565
0.581
0.464
0.448
0.529
0.612
0.492
0.36
0.428
0.517
0.535
0.638
0.38
0.284
0.531
0.375
0.534
0.562
0.609
0.623
0.473
0.496
0.413
0.637
0.488
0.542
0.501
0.584
0.455
0.613
0.474
0.72
0.534
0.517
0.554
0.53
0.364
0.666
0.456
0.551
0.422
0.486
0.481
0.545
0.351
0.431
0.604
0.652
0.461
0.469
0.491
0.477
0.464
0.435
0.517
0.542
0.524
0.39
0.493
0.474
0.404
0.36
0.466
0.427
0.496
0.469
0.391
0.384
0.458
0.477
0.493
0.493
0.507
0.408
0.406
0.437
0.46
0.594
0.641
0.516
0.26
0.449
0.619
0.552
0.486
0.578
0.703
0.392
0.426
0.67
0.365
0.423
0.686
0.733
0.571
0.469
0.466
0.464
0.587
0.417
0.597
0.577
0.609
0.545
0.303
0.607
0.4
0.397
0.756
0.567
0.527
0.473
0.477
0.426
0.704
0.507
0.421
0.36
0.514
0.65
0.602
0.588
0.389
0.47
0.388
0.521
0.383
0.589
0.435
0.53
0.543
0.507
0.708
0.481
0.648
0.396
0.444
0.471
0.459
0.4
0.343
0.402
0.43
0.502
0.692
0.456
0.423
0.418
0.589
0.422
0.431
0.487
0.345
0.628
0.561
0.453
0.406
0.385
0.574
0.423
0.391
0.506
0.444
0.602
0.404
0.507
0.605
0.482
0.597
0.473
0.451
0.58
0.458
0.382
0.641
0.422
0.4
0.505
0.447
0.517
0.672
0.492
0.497
0.411
0.391
0.471
0.474
0.463
0.373
0.414
0.448
0.46
0.78
0.45
0.459
0.474
0.339
0.526
0.437
0.392
0.625
0.495
0.385
0.697
0.511
0.587
0.575
0.455
0.52
0.467
0.403
0.348
0.529
0.54
0.442
0.478
0.601
0.689
0.486
0.542
0.464
0.448
0.529
0.616
0.445
0.554
0.696
0.372
0.496
0.767
0.482
0.669
0.416
0.35
0.483
0.469
0.722
0.51
0.431
0.343
0.568
0.573
0.412
0.452
0.695
0.552
0.513
0.496
0.396
