0.417
0.750
0.417
0.479
0.438
0.417
0.542
0.417
0.604
0.375
0.375
0.458
0.458
0.375
0.479
0.688
0.438
0.479
0.729
0.646
0.396
0.521
0.354
0.479
0.417
0.500
0.356
0.354
0.417
0.625
0.375
0.479
0.375
0.438
0.750
0.646
0.438
0.375
0.479
0.479
0.562
0.438
0.646
0.877
0.479
0.708
0.479
0.479
0.438
0.542
0.646
0.417
0.354
0.271
0.458
0.688
0.417
0.417
0.396
0.438
0.708
0.479
0.833
0.479
0.375
0.479
0.438
0.542
0.438
0.479
0.417
0.646
0.479
0.417
0.479
0.458
0.438
0.500
0.375
0.479
0.438
0.479
0.417
0.479
0.479
0.604
0.479
0.438
0.521
0.521
0.229
0.542
0.438
0.479
0.438
0.542
0.500
0.625
0.479
0.375
0.417
0.792
0.479
0.604
0.396
0.750
0.479
0.750
0.542
0.646
0.375
0.438
0.521
0.333
0.562
0.458
0.542
0.479
0.458
0.688
0.479
0.750
0.583
0.438
0.479
0.417
0.479
0.688
0.375
0.438
0.138
0.458
0.479
0.458
0.438
0.646
0.729
0.500
0.500
0.604
0.375
0.500
0.542
0.458
0.583
0.667
0.521
0.417
0.354
0.479
0.729
0.417
0.417
0.417
0.542
0.646
0.417
0.625
0.646
0.479
0.688
0.625
0.375
0.479
0.458
0.417
0.375
0.417
0.583
0.479
0.479
0.562
0.625
0.208
0.354
0.375
0.354
0.375
0.458
0.521
0.438
0.396
0.542
0.646
0.542
0.625
0.396
0.375
0.417
0.396
0.271
0.688
0.479
0.625
0.375
0.229
0.375
0.583
0.438
0.438
0.458
0.688
0.417
0.438
0.646
0.583
0.146
0.417
0.542
0.479
0.438
0.500
0.479
0.479
0.417
0.625
0.688
0.625
0.438
0.750
0.375
0.500
0.500
0.479
0.708
0.417
0.417
0.500
0.271
0.542
0.479
0.354
0.479
0.750
0.417
0.604
0.583
0.583
0.479
0.500
0.479
0.479
0.521
0.458
0.625
0.479
0.792
0.792
0.729
0.521
0.562
0.854
0.458
0.583
0.479
0.417
0.417
0.875
0.646
0.479
0.479
0.375
0.417
0.292
0.417
0.479
0.562
0.562
0.375
0.625
0.521
0.479
0.479
0.438
0.583
0.646
0.729
0.479
0.479
0.542
0.708
0.792
0.479
0.138
0.479
0.417
0.479
0.375
0.458
0.417
0.500
0.479
0.417
0.500
0.479
0.500
0.417
0.646
0.521
0.458
0.438
0.438
0.604
0.479
0.458
0.479
0.271
0.646
0.458
0.646
0.625
0.604
0.625
0.208
0.438
0.479
0.521
0.479
0.438
0.438
0.417
0.479
0.438
0.479
0.583
0.583
0.479
0.542
0.625
0.375
0.292
0.479
0.375
0.312
0.646
0.438
0.312
0.708
0.479
0.500
0.438
0.333
0.438
0.875
0.479
0.438
0.479
0.417
0.458
0.458
0.583
0.396
0.438
0.479
0.604
0.667
0.542
0.417
0.479
0.458
0.333
0.542
0.667
0.479
0.396
0.604
0.500
0.667
0.542
0.271
0.458
0.458
0.479
0.646
0.500
0.500
0.479
0.438
0.396
0.354
0.583
0.386
0.479
0.458
0.458
0.417
0.479
0.479
0.438
0.854
0.438
0.521
0.500
0.438
0.688
0.354
0.354
0.479
0.375
0.479
0.479
0.521
0.479
0.438
0.417
0.500
0.375
0.479
0.479
0.479
0.479
0.438
0.604
0.375
0.479
0.375
0.562
0.479
0.375
0.521
0.375
0.292
0.438
0.500
0.479
0.646
0.500
0.417
0.771
0.396
0.438
0.500
0.479
0.333
0.542
0.479
0.604
0.708
0.500
0.500
0.750
0.375
0.458
0.396
0.479
0.542
0.417
0.438
0.479
0.438
0.375
0.688
0.479
0.500
0.521
0.562
0.458
0.375
0.479
0.458
0.479
0.646
0.292
0.479
0.479
0.812
0.500
0.604
0.417
0.375
0.479
0.417
0.438
0.479
0.479
0.479
0.500
0.479
0.479
0.479
0.479
0.417
0.583
0.688
0.125
0.479
0.438
0.479
0.479
0.438
0.146
0.542
0.417
0.438
0.479
0.438
0.438
0.479
0.396
0.458
0.375
0.438
0.562
0.646
0.479
0.438
0.417
0.646
0.417
0.479
0.417
0.542
0.438
0.646
0.375
0.542
0.583
0.479
0.458
0.479
0.500
0.729
0.583
0.542
0.396
0.521
0.438
0.479
0.479
0.542
0.396
0.417
0.417
0.792
0.375
0.479
0.438
0.375
0.521
0.417
0.479
0.646
0.750
0.438
0.479
0.479
0.542
0.354
0.646
0.479
0.417
0.458
0.479
0.458
0.396
0.438
0.417
0.667
0.729
0.361
0.479
0.479
0.375
0.250
0.562
0.479
0.417
0.375
0.542
0.458
0.500
0.479
0.438
0.500
0.396
0.458
0.479
0.479
0.417
0.417
0.438
0.479
0.583
0.438
0.562
0.604
0.500
0.792
0.354
0.438
0.312
0.438
0.479
0.438
0.479
0.438
0.750
0.479
0.479
0.458
0.479
0.521
0.422
0.438
0.479
0.479
0.396
0.854
0.438
0.417
0.604
0.479
0.625
0.417
0.417
0.479
0.292
0.479
0.479
0.458
0.604
0.500
0.562
0.479
0.479
0.792
0.500
0.500
0.479
0.417
0.292
0.396
0.438
0.521
0.479
0.292
0.479
0.333
0.458
0.500
0.542
0.458
0.479
0.542
0.479
0.479
0.438
0.292
0.354
0.479
0.604
0.438
0.354
0.479
0.479
0.417
0.438
0.750
0.500
0.458
0.479
0.479
0.438
0.479
0.333
0.646
0.479
0.479
0.417
0.509
0.562
0.396
0.438
0.646
0.417
0.417
0.375
0.438
0.292
0.562
0.312
0.438
0.458
0.354
0.438
0.417
0.479
0.542
0.479
0.375
0.625
0.438
0.312
0.583
0.771
0.375
0.417
0.604
0.583
0.375
0.438
0.583
0.646
0.750
0.271
0.479
0.479
0.354
0.479
0.792
0.625
0.417
0.438
0.667
0.479
0.521
0.312
0.479
0.417
0.500
0.417
0.479
0.375
0.479
0.375
0.479
0.479
0.417
0.479
0.479
0.479
0.417
0.625
0.562
0.562
0.354
0.521
0.500
0.375
0.521
0.542
0.375
0.458
0.562
0.479
0.479
0.417
0.438
0.479
0.667
0.604
0.479
0.479
0.479
0.438
0.271
0.667
0.479
0.438
0.375
0.479
0.479
0.396
0.479
0.521
0.688
0.646
0.375
0.479
0.667
0.361
0.500
0.438
0.438
0.312
0.521
0.479
0.458
0.333
0.458
0.750
0.417
0.271
0.583
0.458
0.479
0.625
0.479
0.479
0.583
0.646
0.417
0.458
0.375
0.604
0.417
0.479
0.542
0.833
0.417
0.375
0.604
0.479
0.375
0.521
0.208
0.438
0.479
0.375
0.562
0.479
0.562
0.458
0.625
0.688
0.562
0.396
0.438
0.438
0.417
0.562
0.500
0.354
0.438
0.479
0.375
0.479
0.479
0.625
0.833
0.419
0.438
0.479
0.458
0.479
0.646
0.479
0.438
0.479
0.396
0.438
0.583
0.688
0.479
0.479
0.438
0.438
0.356
0.438
0.521
0.479
0.479
0.542
0.188
0.458
0.417
0.396
0.438
0.333
0.458
0.479
0.458
0.729
0.479
0.500
0.646
0.646
0.750
0.479
0.438
0.500
0.479
0.729
0.438
0.438
0.479
0.417
0.479
0.417
0.917
0.438
0.479
0.438
0.229
0.458
0.479
0.333
0.438
0.833
0.375
0.542
0.500
0.444
0.625
0.375
0.271
0.458
0.417
0.438
0.479
0.438
0.271
0.479
0.417
0.625
0.479
0.417
0.542
0.667
0.562
0.771
0.729
0.750
0.479
0.444
0.729
0.646
0.646
0.333
0.542
0.479
0.312
0.688
0.854
0.625
0.542
0.417
0.417
0.479
0.877
0.542
0.438
0.479
0.750
0.792
0.438
0.438
0.750
0.438
0.146
0.625
0.708
0.542
0.208
0.542
0.646
0.438
0.604
0.583
0.417
0.417
0.708
0.333
0.438
0.479
0.646
0.417
0.479
0.375
0.479
0.646
0.458
0.417
0.375
0.375
0.354
0.479
0.479
0.417
0.729
0.646
0.479
0.438
0.833
0.542
0.479
0.458
0.500
0.438
0.500
0.375
0.750
0.438
0.625
0.500
0.479
0.542
0.542
0.688
0.792
0.479
0.396
0.417
0.458
0.417
0.479
0.479
0.729
0.417
0.604
0.458
0.729
0.562
0.417
0.458
0.646
0.375
0.438
0.438
0.625
0.729
0.417
0.375
0.354
0.542
0.167
0.458
0.500
0.271
0.625
0.479
0.479
0.479
0.438
0.500
0.667
0.396
0.479
0.458
0.479
0.729
0.438
0.415
0.479
0.417
0.646
0.479
0.438
0.479
0.438
0.396
0.438
0.373
0.438
0.479
0.479
0.500
0.646
0.479
0.354
0.625
0.396
0.562
0.500
0.479
0.438
0.417
0.458
0.542
0.562
0.479
0.375
0.562
0.479
0.417
0.479
0.458
0.562
0.646
0.417
0.375
0.479
0.458
0.479
0.479
0.646
0.479
0.792
0.271
0.438
0.438
0.479
0.500
0.479
0.646
0.479
0.375
0.417
0.271
0.479
0.438
0.438
0.479
0.438
0.479
0.479
0.646
0.542
0.479
0.312
0.458
0.438
0.542
0.458
0.750
0.479
0.417
0.479
0.479
0.479
0.479
0.542
0.417
0.479
0.542
0.438
0.271
0.479
0.562
0.562
0.562
0.479
0.479
0.419
0.417
0.792
0.500
0.542
0.479
0.500
0.417
0.438
0.500
0.375
0.271
0.479
0.729
0.479
0.479
0.729
0.646
0.417
0.500
0.479
0.438
0.479
0.604
0.562
0.458
0.479
0.438
0.479
0.479
0.438
0.417
0.479
0.646
0.458
0.438
0.375
0.396
0.396
0.458
0.479
0.396
0.438
0.646
0.438
0.479
0.542
0.417
0.479
0.479
0.229
0.646
0.417
0.479
0.396
0.458
0.583
0.479
0.333
0.479
0.271
0.562
0.375
0.625
0.444
0.417
0.479
0.458
0.479
0.458
0.542
0.479
0.333
0.479
0.604
0.438
0.646
0.396
0.479
0.375
0.500
0.688
0.646
0.479
0.708
0.479
0.792
0.438
0.583
0.500
0.479
0.479
0.542
0.625
0.479
0.500
0.521
0.646
0.312
0.479
0.438
0.479
0.479
0.333
0.354
0.562
0.375
0.479
0.417
0.375
0.479
0.479
0.479
0.479
0.500
0.500
0.417
0.438
0.375
0.479
0.458
0.479
0.354
0.479
0.479
0.479
0.521
0.458
0.479
0.312
0.479
0.479
0.479
0.417
0.646
0.438
0.625
0.479
0.479
0.417
0.500
0.479
0.479
0.354
0.479
0.500
0.354
0.521
0.417
0.375
0.479
0.750
0.542
0.292
0.500
0.354
0.458
0.417
0.479
0.458
0.479
0.479
0.833
0.729
0.500
0.458
0.479
0.646
0.479
0.646
0.479
0.625
0.417
0.417
0.438
0.479
0.458
0.479
0.375
0.604
0.600
0.354
0.625
0.500
0.562
0.479
0.438
0.417
0.479
0.375
0.500
0.667
0.458
0.479
0.458
0.729
0.646
0.479
0.479
0.458
0.438
0.375
0.417
0.646
0.479
0.729
0.646
0.562
0.479
0.646
0.604
0.396
0.479
0.208
0.458
0.562
0.125
0.271
0.542
0.479
0.208
0.479
0.438
0.688
0.458
0.438
0.438
0.479
0.479
0.458
0.479
0.688
0.521
0.562
0.479
0.479
0.458
0.438
0.542
0.458
0.396
0.458
0.417
0.479
0.500
0.438
0.542
0.438
0.438
0.271
0.479
0.438
0.438
0.771
0.438
0.438
0.562
0.646
0.604
0.417
0.438
0.708
0.479
0.479
0.292
0.583
0.625
0.479
0.688
0.604
0.479
0.479
0.562
0.458
0.479
0.583
0.417
0.625
0.167
0.458
0.250
0.417
0.438
0.375
0.479
0.646
0.521
0.646
0.479
0.438
0.438
0.542
0.938
0.417
0.479
0.604
0.386
0.375
0.479
0.479
0.479
0.479
0.479
0.438
0.625
0.375
0.521
0.562
0.417
0.438
0.583
0.438
0.729
0.417
0.521
0.417
0.417
0.271
0.500
0.625
0.479
0.479
0.417
0.458
0.438
0.417
0.479
0.417
0.354
0.438
0.583
0.521
0.354
0.396
0.479
0.901
0.479
0.479
0.375
0.521
0.438
0.417
0.531
0.583
0.479
0.479
0.375
0.479
0.646
0.479
0.521
0.438
0.729
0.375
0.625
0.438
0.479
0.542
0.500
0.458
0.729
0.354
0.667
0.479
0.479
0.479
0.500
0.479
0.479
0.146
0.438
0.542
0.708
0.500
0.458
0.479
0.479
0.438
0.417
0.479
0.542
0.438
0.438
0.479
0.417
0.562
0.375
0.375
0.417
0.479
0.479
0.375
0.208
0.479
0.375
0.417
0.479
0.500
0.625
0.417
0.479
0.604
0.708
0.479
0.479
0.667
0.479
0.792
0.729
0.458
0.458
0.479
0.438
0.417
0.521
0.438
0.562
0.833
0.521
0.438
0.396
0.417
0.396
0.458
0.500
0.792
0.479
0.521
0.458
0.458
0.629
0.479
0.312
0.750
0.396
0.417
0.479
0.333
0.438
0.625
0.146
0.438
0.375
0.479
0.542
0.688
0.479
0.604
0.354
0.479
0.583
0.500
0.396
0.625
0.438
0.708
0.479
0.479
0.417
0.479
0.479
0.396
0.479
0.438
0.438
0.438
0.479
0.292
0.479
0.271
0.500
0.646
0.479
0.479
0.458
0.479
0.583
0.417
0.417
0.479
0.479
0.625
0.562
0.375
0.438
0.562
0.438
0.438
0.479
0.479
0.229
0.292
0.438
0.458
0.438
0.479
0.500
0.396
0.562
0.417
0.438
0.771
0.417
0.417
0.479
0.438
0.500
0.646
0.479
0.479
0.500
0.312
0.458
0.521
0.479
0.354
0.375
0.438
0.750
0.854
0.500
0.438
0.479
0.356
0.438
0.479
0.438
0.708
0.458
0.396
0.479
0.417
0.729
0.521
0.458
0.479
0.438
0.562
0.312
0.438
0.500
0.438
0.479
0.646
0.479
0.458
0.479
0.417
0.479
0.500
0.458
0.319
0.479
0.438
0.542
0.479
0.438
0.500
0.479
0.375
0.729
0.375
0.271
0.479
0.479
0.729
0.479
0.438
0.438
0.729
0.729
0.458
0.417
0.625
0.625
0.438
0.479
0.479
