0.438
0.750
0.458
0.354
0.438
0.479
0.667
0.542
0.396
0.438
0.417
0.438
0.667
0.375
0.500
0.625
0.479
0.521
0.500
0.521
0.438
0.479
0.375
0.438
0.479
0.479
0.396
0.438
0.458
0.500
0.479
0.375
0.438
0.479
0.417
0.583
0.396
0.375
0.479
0.583
0.438
0.583
0.479
0.479
0.417
0.562
0.500
0.688
0.417
0.438
0.354
0.375
0.438
0.438
0.479
0.583
0.417
0.438
0.479
0.438
0.417
0.583
0.438
0.688
0.438
0.479
0.479
0.438
0.438
0.479
0.479
0.667
0.417
0.417
0.479
0.479
0.479
0.438
0.438
0.438
0.521
0.375
0.438
0.438
0.500
0.604
0.417
0.479
0.479
0.604
0.479
0.375
0.438
0.604
0.479
0.417
0.417
0.509
0.417
0.438
0.438
0.375
0.667
0.479
0.438
0.604
0.667
0.750
0.542
0.500
0.479
0.438
0.396
0.562
0.438
0.479
0.604
0.417
0.396
0.750
0.396
0.438
0.583
0.479
0.438
0.438
0.375
0.438
0.438
0.438
0.438
0.438
0.479
0.375
0.479
0.479
0.479
0.583
0.521
0.583
0.479
0.500
0.667
0.438
0.438
0.667
0.438
0.583
0.438
0.667
0.417
0.479
0.479
0.417
0.396
0.500
0.604
0.458
0.438
0.542
0.521
0.479
0.438
0.479
0.479
0.438
0.562
0.438
0.500
0.604
0.542
0.667
0.354
0.479
0.438
0.354
0.438
0.438
0.438
0.354
0.604
0.479
0.396
0.458
0.354
0.500
0.396
0.375
0.479
0.542
0.479
0.438
0.521
0.479
0.479
0.333
0.375
0.521
0.396
0.479
0.396
0.438
0.438
0.646
0.396
0.500
0.479
0.479
0.542
0.396
0.438
0.396
0.396
0.458
0.417
0.521
0.521
0.438
0.479
0.458
0.562
0.604
0.458
0.417
0.458
0.479
0.458
0.458
0.438
0.542
0.542
0.438
0.417
0.438
0.438
0.438
0.479
0.438
0.438
0.542
0.625
0.333
0.438
0.312
0.438
0.417
0.792
0.438
0.604
0.417
0.667
0.375
0.458
0.583
0.438
0.500
0.667
0.667
0.479
0.438
0.458
0.479
0.438
0.479
0.417
0.479
0.479
0.771
0.458
0.479
0.438
0.521
0.396
0.417
0.500
0.458
0.521
0.479
0.479
0.375
0.667
0.542
0.396
0.438
0.438
0.438
0.583
0.438
0.417
0.438
0.542
0.458
0.458
0.479
0.571
0.604
0.583
0.542
0.438
0.542
0.375
0.479
0.521
0.375
0.396
0.479
0.417
0.688
0.458
0.792
0.500
0.396
0.479
0.438
0.542
0.417
0.458
0.417
0.438
0.417
0.375
0.583
0.438
0.479
0.750
0.521
0.354
0.542
0.521
0.438
0.792
0.438
0.479
0.583
0.479
0.438
0.583
0.354
0.583
0.438
0.438
0.521
0.438
0.562
0.396
0.438
0.479
0.438
0.417
0.458
0.521
0.438
0.438
0.438
0.604
0.417
0.604
0.396
0.396
0.438
0.438
0.479
0.667
0.542
0.438
0.438
0.438
0.667
0.542
0.438
0.438
0.458
0.542
0.667
0.521
0.417
0.604
0.438
0.521
0.500
0.646
0.479
0.479
0.438
0.479
0.438
0.667
0.542
0.562
0.438
0.438
0.479
0.438
0.604
0.438
0.458
0.396
0.438
0.438
0.688
0.417
0.458
0.792
0.438
0.417
0.604
0.583
0.479
0.667
0.479
0.438
0.375
0.458
0.667
0.583
0.479
0.521
0.479
0.438
0.521
0.562
0.438
0.479
0.438
0.479
0.438
0.438
0.417
0.479
0.458
0.479
0.438
0.354
0.562
0.500
0.438
0.479
0.542
0.417
0.562
0.521
0.438
0.479
0.667
0.667
0.646
0.438
0.438
0.479
0.438
0.479
0.438
0.438
0.479
0.667
0.562
0.479
0.438
0.396
0.396
0.583
0.458
0.604
0.438
0.583
0.479
0.438
0.396
0.479
0.729
0.479
0.500
0.479
0.604
0.583
0.521
0.417
0.479
0.417
0.646
0.375
0.479
0.646
0.396
0.438
0.667
0.479
0.438
0.521
0.438
0.146
0.542
0.521
0.521
0.479
0.438
0.417
0.583
0.458
0.396
0.479
0.604
0.479
0.625
0.625
0.438
0.479
0.458
0.375
0.254
0.188
0.438
0.438
0.458
0.375
0.438
0.583
0.438
0.438
0.375
0.354
0.417
0.438
0.396
0.438
0.479
0.438
0.479
0.479
0.479
0.438
0.458
0.417
0.479
0.438
0.688
0.417
0.438
0.396
0.396
0.479
0.646
0.500
0.583
0.417
0.604
0.375
0.479
0.438
0.417
0.479
0.458
0.479
0.479
0.438
0.562
0.417
0.375
0.375
0.438
0.458
0.417
0.375
0.417
0.562
0.479
0.438
0.438
0.583
0.521
0.500
0.396
0.521
0.479
0.479
0.375
0.396
0.500
0.438
0.479
0.438
0.438
0.438
0.354
0.396
0.500
0.479
0.375
0.354
0.458
0.458
0.583
0.396
0.438
0.479
0.583
0.438
0.333
0.500
0.583
0.479
0.583
0.667
0.438
0.542
0.583
0.375
0.458
0.438
0.417
0.896
0.604
0.646
0.417
0.438
0.438
0.479
0.583
0.667
0.396
0.604
0.417
0.542
0.625
0.438
0.333
0.479
0.479
0.479
0.479
0.646
0.479
0.667
0.458
0.479
0.438
0.583
0.479
0.417
0.438
0.375
0.458
0.375
0.354
0.417
0.438
0.479
0.688
0.250
0.438
0.604
0.417
0.438
0.479
0.438
0.458
0.521
0.375
0.438
0.375
0.562
0.604
0.479
0.417
0.438
0.438
0.479
0.438
0.438
0.562
0.479
0.479
0.625
0.646
0.438
0.479
0.479
0.438
0.438
0.358
0.438
0.255
0.458
0.562
0.417
0.417
0.417
0.438
0.458
0.354
0.375
0.438
0.479
0.458
0.375
0.396
0.479
0.583
0.583
0.292
0.438
0.479
0.562
0.417
0.396
0.542
0.667
0.438
0.438
0.396
0.396
0.458
0.521
0.438
0.479
0.521
0.375
0.438
0.438
0.396
0.417
0.479
0.479
0.417
0.479
0.500
0.417
0.458
0.521
0.438
0.254
0.438
0.396
0.458
0.479
0.438
0.417
0.542
0.479
0.521
0.479
0.417
0.438
0.396
0.438
0.583
0.500
0.375
0.458
0.479
0.479
0.604
0.479
0.417
0.438
0.438
0.500
0.458
0.604
0.438
0.604
0.417
0.438
0.417
0.458
0.438
0.542
0.396
0.479
0.417
0.438
0.667
0.479
0.375
0.396
0.458
0.438
0.417
0.438
0.479
0.479
0.542
0.354
0.438
0.458
0.792
0.396
0.479
0.646
0.479
0.500
0.358
0.479
0.521
0.438
0.417
0.438
0.542
0.917
0.438
0.438
0.729
0.583
0.312
0.521
0.417
0.479
0.604
0.375
0.438
0.396
0.562
0.583
0.771
0.396
0.521
0.479
0.417
0.438
0.542
0.396
0.396
0.438
0.396
0.500
0.354
0.521
0.438
0.521
0.417
0.438
0.438
0.479
0.417
0.417
0.583
0.438
0.438
0.438
0.396
0.438
0.438
0.396
0.479
0.396
0.438
0.438
0.479
0.500
0.479
0.375
0.667
0.438
0.417
0.500
0.438
0.438
0.438
0.583
0.500
0.542
0.521
0.521
0.438
0.438
0.500
0.542
0.500
0.479
0.438
0.375
0.479
0.396
0.479
0.604
0.625
0.438
0.521
0.438
0.438
0.458
0.646
0.604
0.438
0.458
0.438
0.438
0.562
0.375
0.438
0.396
0.438
0.521
0.562
0.438
0.479
0.417
0.521
0.479
0.396
0.375
0.438
0.688
0.438
0.396
0.438
0.396
0.500
0.417
0.438
0.438
0.479
0.479
0.458
0.444
0.479
0.562
0.500
0.375
0.417
0.438
0.479
0.583
0.583
0.500
0.542
0.417
0.438
0.375
0.417
0.458
0.458
0.562
0.438
0.479
0.396
0.417
0.458
0.396
0.438
0.458
0.500
0.583
0.396
0.417
0.500
0.438
0.479
0.458
0.396
0.375
0.542
0.438
0.479
0.479
0.625
0.438
0.479
0.438
0.479
0.438
0.438
0.458
0.375
0.458
0.417
0.521
0.417
0.479
0.458
0.438
0.438
0.672
0.438
0.521
0.438
0.458
0.375
0.417
0.312
0.479
0.542
0.438
0.625
0.438
0.438
0.438
0.500
0.479
0.438
0.438
0.438
0.458
0.396
0.438
0.479
0.521
0.625
0.375
0.438
0.458
0.458
0.417
0.396
0.438
0.458
0.542
0.583
0.479
0.500
0.583
0.438
0.438
0.438
0.438
0.438
0.479
0.479
0.438
0.479
0.625
0.417
0.479
0.458
0.625
0.438
0.438
0.458
0.521
0.312
0.438
0.479
0.521
0.438
0.792
0.438
0.438
0.479
0.375
0.438
0.375
0.417
0.438
0.542
0.479
0.479
0.438
0.438
0.438
0.500
0.458
0.750
0.438
0.417
0.417
0.438
0.458
0.625
0.354
0.625
0.521
0.438
0.396
0.500
0.479
0.438
0.438
0.438
0.458
0.438
0.396
0.521
0.479
0.479
0.625
0.500
0.438
0.438
0.479
0.625
0.396
0.438
0.438
0.521
0.417
0.438
0.438
0.479
0.458
0.396
0.438
0.646
0.479
0.438
0.521
0.438
0.479
0.438
0.521
0.479
0.521
0.479
0.458
0.521
0.396
0.542
0.417
0.375
0.438
0.370
0.646
0.583
0.438
0.479
0.479
0.521
0.438
0.438
0.417
0.396
0.417
0.354
0.625
0.479
0.479
0.479
0.542
0.521
0.521
0.583
0.583
0.417
0.458
0.417
0.438
0.750
0.438
0.479
0.458
0.438
0.458
0.438
0.438
0.438
0.479
0.438
0.458
0.562
0.417
0.479
0.438
0.438
0.438
0.438
0.604
0.479
0.354
0.438
0.542
0.375
0.354
0.479
0.458
0.500
0.396
0.417
0.646
0.458
0.667
0.438
0.417
0.438
0.438
0.438
0.646
0.417
0.667
0.562
0.438
0.458
0.438
0.479
0.604
0.438
0.438
0.500
0.562
0.417
0.396
0.479
0.583
0.604
0.479
0.542
0.521
0.354
0.542
0.542
0.354
0.417
0.417
0.417
0.458
0.458
0.458
0.625
0.417
0.417
0.396
0.438
0.521
0.604
0.438
0.458
0.396
0.521
0.417
0.479
0.417
0.479
0.521
0.417
0.396
0.562
0.396
0.375
0.438
0.354
0.542
0.458
0.458
0.417
0.396
0.438
0.458
0.396
0.458
0.438
0.479
0.438
0.438
0.438
0.583
0.438
0.479
0.479
0.521
0.521
0.375
0.479
0.375
0.500
0.312
0.479
0.417
0.417
0.479
0.479
0.479
0.417
0.479
0.375
0.542
0.438
0.396
0.417
0.667
0.438
0.438
0.438
0.479
0.583
0.438
0.417
0.521
0.750
0.438
0.375
0.417
0.521
0.479
0.604
0.396
0.500
0.500
0.833
0.417
0.667
0.438
0.458
0.479
0.438
0.458
0.417
0.354
0.479
0.438
0.479
0.479
0.521
0.438
0.500
0.417
0.600
0.438
0.438
0.396
0.583
0.438
0.479
0.479
0.396
0.479
0.500
0.333
0.417
0.667
0.458
0.542
0.458
0.438
0.458
0.354
0.438
0.458
0.438
0.396
0.479
0.417
0.500
0.479
0.438
0.479
0.479
0.438
0.542
0.583
0.583
0.438
0.438
0.271
0.354
0.479
0.479
0.479
0.438
0.438
0.417
0.417
0.583
0.458
0.479
0.521
0.438
0.521
0.438
0.542
0.562
0.479
0.479
0.438
0.562
0.521
0.438
0.417
0.417
0.458
0.562
0.438
0.583
0.479
0.583
0.396
0.479
0.667
0.438
0.438
0.396
0.479
0.479
0.438
0.542
0.438
0.479
0.458
0.396
0.438
0.479
0.438
0.625
0.438
0.375
0.521
0.542
0.562
0.417
0.479
0.375
0.438
0.438
0.396
0.417
0.479
0.521
0.438
0.229
0.438
0.479
0.417
0.375
0.479
0.500
0.438
0.521
0.479
0.438
0.417
0.458
0.521
0.479
0.625
0.479
0.458
0.521
0.125
0.438
0.417
0.604
0.479
0.521
0.667
0.458
0.417
0.438
0.438
0.521
0.542
0.438
0.562
0.438
0.417
0.574
0.438
0.438
0.417
0.396
0.604
0.479
0.458
0.646
0.554
0.417
0.438
0.438
0.417
0.438
0.438
0.521
0.458
0.667
0.479
0.479
0.438
0.458
0.438
0.542
0.521
0.396
0.479
0.479
0.438
0.583
0.417
0.604
0.417
0.521
0.479
0.625
0.438
0.479
0.417
0.500
0.396
0.417
0.438
0.438
0.479
0.479
0.396
0.562
0.479
0.384
0.438
0.438
0.396
0.438
0.458
0.562
0.417
0.479
0.458
0.479
0.479
0.562
0.438
0.396
0.458
0.438
0.438
0.438
0.458
0.202
0.479
0.458
0.646
0.500
0.438
0.521
0.438
0.438
0.271
0.417
0.479
0.479
0.458
0.458
0.384
0.521
0.438
0.417
0.479
0.438
0.438
0.521
0.708
0.479
0.417
0.521
0.583
0.417
0.438
0.354
0.458
0.479
0.417
0.458
0.521
0.417
0.438
0.458
0.479
0.417
0.417
0.562
0.604
0.479
0.604
0.521
0.396
0.479
0.438
0.521
0.438
0.458
0.458
0.438
0.438
0.438
0.521
0.500
0.500
0.521
0.521
0.479
0.417
0.750
0.542
0.438
0.438
0.458
0.542
0.438
0.521
0.438
0.438
0.521
0.458
0.354
0.438
0.583
0.438
0.458
0.438
0.417
0.417
0.672
0.438
0.542
0.438
0.583
0.479
0.438
0.562
0.750
0.542
0.500
0.438
0.604
0.375
0.438
0.438
0.479
0.500
0.417
0.438
0.375
0.458
0.375
0.438
0.312
0.479
0.479
0.438
0.438
0.438
0.417
0.479
0.604
0.438
0.562
0.667
0.521
0.417
0.417
0.417
0.417
0.438
0.417
0.479
0.438
0.479
0.438
0.458
0.625
0.438
0.479
0.438
0.396
0.500
0.479
0.458
0.417
0.583
0.438
0.417
0.500
0.583
0.458
0.479
0.479
0.500
0.500
0.479
0.438
0.438
0.375
0.521
0.438
0.354
0.438
0.438
0.438
0.542
0.562
0.438
0.417
0.438
0.438
0.438
0.438
0.438
0.458
0.417
0.479
0.375
0.438
0.500
0.458
0.458
0.562
0.438
0.479
0.500
0.396
0.396
0.479
0.458
0.458
0.667
0.500
0.479
