0.542
0.438
0.438
0.542
0.750
0.542
0.542
0.542
0.542
0.542
0.479
0.479
0.479
0.479
0.479
0.479
0.479
0.479
0.479
0.479
0.479
0.583
0.479
0.583
0.583
0.479
0.479
0.354
0.583
0.479
0.479
0.479
0.479
0.479
0.479
0.479
0.479
0.479
0.479
0.479
0.500
0.500
0.500
0.500
0.500
0.500
0.500
0.500
0.500
0.500
0.479
0.479
0.479
0.479
0.479
0.479
0.479
0.479
0.479
0.479
0.479
0.479
0.375
0.479
0.479
0.375
0.479
0.479
0.500
0.479
0.438
0.479
0.479
0.125
0.292
0.438
0.500
0.354
0.188
0.479
0.333
0.438
0.312
0.479
0.125
0.312
0.167
0.333
0.167
0.312
0.479
0.479
0.438
0.479
0.479
0.479
0.479
0.479
0.479
0.479
0.354
0.479
0.479
0.479
0.479
0.479
0.354
0.479
0.479
0.479
0.375
0.375
0.438
0.500
0.479
0.479
0.479
0.479
0.479
0.438
0.542
0.458
0.771
0.688
0.688
0.562
0.458
0.688
0.688
0.479
0.479
0.479
0.479
0.479
0.479
0.479
0.479
0.479
0.479
0.479
0.646
0.646
0.500
0.646
0.646
0.646
0.646
0.646
0.646
0.646
0.479
0.479
0.479
0.500
0.479
0.479
0.479
0.500
0.479
0.479
0.479
0.479
0.396
0.479
0.479
0.479
0.479
0.479
0.479
0.479
0.500
0.500
0.729
0.500
0.479
0.500
0.500
0.500
0.479
0.500
0.500
0.500
0.542
0.500
0.500
0.500
0.500
0.500
0.500
0.500
0.479
0.479
0.479
0.479
0.479
0.479
0.479
0.479
0.479
0.479
0.479
0.479
0.438
0.479
0.479
0.479
0.479
0.479
0.479
0.479
0.646
0.646
0.646
0.646
0.646
0.646
0.646
0.646
0.646
0.646
0.583
0.375
0.583
0.438
0.375
0.375
0.479
0.479
0.479
0.438
0.479
0.479
0.479
0.479
0.479
0.479
0.479
0.479
0.479
0.479
0.479
0.479
0.479
0.479
0.479
0.479
0.479
0.479
0.479
0.479
0.208
0.208
0.208
0.208
0.208
0.375
0.375
0.375
0.628
0.562
0.479
0.479
0.479
0.479
0.479
0.479
0.479
0.479
0.479
0.479
0.479
0.479
0.479
0.479
0.479
0.479
0.479
0.479
0.479
0.479
0.438
0.438
0.438
0.438
0.438
0.438
0.438
0.438
0.438
0.438
0.375
0.479
0.375
0.375
0.479
0.375
0.479
0.479
0.479
0.479
0.438
0.292
0.729
0.292
0.438
0.438
0.479
0.500
0.438
0.729
0.521
0.521
0.521
0.521
0.521
0.521
0.292
0.521
0.292
0.521
0.479
0.479
0.479
0.479
0.479
0.479
0.479
0.479
0.479
0.479
0.479
0.479
0.375
0.479
0.479
0.479
0.479
0.479
0.479
0.479
0.375
0.375
0.375
0.438
0.438
0.375
0.375
0.375
0.375
0.375
0.500
0.438
0.375
0.500
0.438
0.438
0.417
0.438
0.500
0.500
0.375
0.375
0.375
0.375
0.438
0.479
0.375
0.438
0.375
0.438
0.479
0.479
0.479
0.479
0.479
0.479
0.479
0.479
0.479
0.479
0.542
0.542
0.375
0.479
0.500
0.479
0.542
0.583
0.375
0.500
0.479
0.479
0.479
0.479
0.479
0.479
0.479
0.479
0.479
0.438
0.396
0.479
0.438
0.479
0.479
0.479
0.479
0.479
0.396
0.479
0.646
0.479
0.479
0.479
0.479
0.479
0.646
0.479
0.479
0.479
0.479
0.479
0.479
0.500
0.479
0.479
0.479
0.375
0.479
0.479
0.562
0.479
0.479
0.479
0.479
0.479
0.479
0.479
0.479
0.562
0.479
0.479
0.479
0.479
0.479
0.479
0.479
0.479
0.479
0.479
0.479
0.479
0.479
0.479
0.479
0.479
0.479
0.479
0.479
0.479
0.562
0.562
0.479
0.562
0.562
0.562
0.562
0.479
0.562
0.479
0.708
0.479
0.479
0.708
0.479
0.479
0.479
0.479
0.479
0.479
0.375
0.438
0.292
0.438
0.771
0.375
0.479
0.375
0.375
0.375
0.375
0.375
0.375
0.375
0.521
0.375
0.375
0.479
0.375
0.375
