0.562
0.750
0.354
0.354
0.354
0.333
0.556
0.125
0.231
0.646
0.604
0.208
0.348
0.414
0.479
0.766
0.604
0.438
0.312
0.688
0.121
0.417
0.417
0.438
0.356
0.396
0.542
0.625
0.646
0.250
0.438
0.729
0.530
0.517
0.354
0.442
0.458
0.208
0.438
0.389
0.479
0.604
0.708
0.741
0.604
0.562
0.500
0.271
0.458
0.333
0.583
0.417
0.354
0.542
0.200
0.708
0.604
0.479
0.667
0.292
0.604
0.354
0.458
0.646
0.354
0.521
0.458
0.232
0.312
0.479
0.688
0.625
0.405
0.458
0.417
0.667
0.625
0.604
0.333
0.771
0.521
0.229
0.542
0.167
0.667
0.500
0.521
0.292
0.509
0.417
0.271
0.188
0.375
0.479
0.896
0.396
0.750
0.667
0.750
0.542
0.583
0.167
0.729
0.521
0.458
0.562
0.562
0.542
0.333
0.396
0.688
0.375
0.464
0.583
0.396
0.479
0.375
0.729
0.780
0.173
0.667
0.375
0.396
0.896
0.406
0.292
0.479
0.729
0.438
0.292
0.604
0.479
0.375
0.750
0.667
0.628
0.667
0.521
0.583
0.396
0.500
0.625
0.479
0.427
0.542
0.792
0.458
0.646
0.542
0.667
0.625
0.271
0.375
0.271
0.417
0.375
0.583
0.396
0.604
0.438
0.375
0.250
0.271
0.396
0.125
0.396
0.375
0.458
0.292
0.521
0.143
0.729
0.333
0.500
0.396
0.375
0.729
0.629
0.271
0.844
0.625
0.200
0.229
0.375
0.521
0.263
0.479
0.667
0.479
0.400
0.792
0.750
0.481
0.375
0.896
0.417
0.458
0.375
0.396
0.438
0.312
0.067
0.579
0.688
0.625
0.750
0.479
0.292
0.792
0.333
0.542
0.625
0.479
0.292
0.458
0.127
0.542
0.458
0.750
0.417
0.604
0.542
0.538
0.628
0.521
0.438
0.542
0.562
0.333
0.604
0.500
0.729
0.500
0.792
0.792
0.667
0.417
0.562
0.583
0.425
0.583
0.354
0.500
0.562
0.688
0.542
0.479
0.562
0.229
0.500
0.188
0.417
0.771
0.458
0.755
0.434
0.479
0.339
0.583
0.667
0.729
0.312
0.771
0.708
0.792
0.500
0.375
0.646
0.494
0.688
0.562
0.750
0.900
0.521
0.667
0.562
0.708
0.571
0.688
0.396
0.646
0.667
0.458
0.271
0.729
0.863
0.375
0.583
0.542
0.271
0.646
0.458
0.750
0.542
0.604
0.625
0.208
0.396
0.479
0.500
0.708
0.271
0.438
0.500
0.396
0.438
0.521
0.771
0.583
0.625
0.417
0.521
0.292
0.562
0.333
0.521
0.708
0.667
0.312
0.833
0.354
0.417
0.438
0.333
0.667
0.875
0.333
0.375
0.646
0.438
0.500
0.468
0.375
0.208
0.438
0.295
0.604
0.375
0.604
0.542
0.729
0.583
0.812
0.708
0.667
0.328
0.250
0.521
0.667
0.542
0.354
0.458
0.458
0.583
0.562
0.708
0.295
0.438
0.417
0.685
0.312
0.792
0.386
0.479
0.458
0.750
0.500
0.583
0.333
0.438
0.760
0.438
0.667
0.417
0.521
0.146
0.354
0.500
0.667
0.292
0.775
0.458
0.417
0.292
0.542
0.479
0.468
0.542
0.688
0.208
0.583
0.667
0.729
0.479
0.562
0.479
0.521
0.521
0.354
0.375
0.375
0.292
0.688
0.646
0.375
0.583
0.771
0.396
0.438
0.250
0.688
0.438
0.750
0.708
0.604
0.708
0.688
0.521
0.646
0.375
0.479
0.729
0.500
0.438
0.479
0.792
0.438
0.583
0.375
0.500
0.500
0.562
0.562
0.132
0.717
0.750
0.542
0.771
0.667
0.438
0.583
0.812
0.500
0.479
0.625
0.729
0.354
0.177
0.521
0.708
0.583
0.667
0.250
0.417
0.417
0.646
0.375
0.188
0.646
0.771
0.125
0.750
0.771
0.562
0.646
0.562
0.146
0.542
0.222
0.438
0.479
0.562
0.182
0.521
0.396
0.667
0.250
0.438
0.208
0.333
0.438
0.438
0.396
0.862
0.375
0.646
0.396
0.875
0.521
0.458
0.375
0.375
0.583
0.337
0.408
0.542
0.833
0.729
0.454
0.322
0.396
0.521
0.354
0.500
0.479
0.708
0.032
0.417
0.542
0.688
0.375
0.688
0.458
0.173
0.875
0.542
0.417
0.646
0.500
0.593
0.479
0.519
0.375
0.438
0.646
0.417
0.146
0.792
0.479
0.708
0.438
0.417
0.417
0.690
0.867
0.500
0.479
0.521
0.375
0.438
0.562
0.333
0.417
0.147
0.500
0.688
0.906
0.479
0.500
0.500
0.396
0.625
0.354
0.289
0.562
0.292
0.438
0.438
0.458
0.427
0.458
0.211
0.898
0.354
0.396
0.312
0.625
0.542
0.375
0.370
0.750
0.750
0.333
0.542
0.562
0.250
0.533
0.422
0.438
0.479
0.438
0.354
0.458
0.438
0.354
0.896
0.333
0.625
0.417
0.625
0.688
0.333
0.479
0.500
0.604
0.604
0.417
0.417
0.625
0.438
0.583
0.542
0.583
0.604
0.479
0.542
0.167
0.556
0.529
0.708
0.542
0.438
0.333
0.562
0.542
0.458
0.583
0.578
0.417
0.646
0.354
0.096
0.250
0.458
0.604
0.438
0.458
0.896
0.458
0.491
0.750
0.333
0.604
0.562
0.771
0.333
0.792
0.333
0.542
0.562
0.625
0.708
0.509
0.396
0.479
0.562
0.708
0.312
0.667
0.125
0.417
0.121
0.417
0.438
0.255
0.458
0.312
0.771
0.417
0.775
0.542
0.333
0.314
0.438
0.312
0.333
0.750
0.375
0.417
0.417
0.646
0.417
0.271
0.333
0.521
0.667
0.188
0.333
0.458
0.208
0.375
0.792
0.625
0.417
0.250
0.667
0.479
0.521
0.312
0.604
0.458
0.500
0.417
0.646
0.306
0.527
0.292
0.500
0.396
0.292
0.833
0.553
0.254
0.458
0.479
0.771
0.562
0.167
0.521
0.625
0.521
0.521
0.208
0.280
0.396
0.479
0.729
0.375
0.375
0.726
0.667
0.479
0.604
0.417
0.438
0.211
0.188
0.729
0.458
0.375
0.125
0.521
0.875
0.521
0.583
0.438
0.688
0.542
0.396
0.125
0.667
0.361
0.667
0.454
0.438
0.312
0.458
0.500
0.458
0.333
0.479
0.750
0.333
0.354
0.341
0.458
0.792
0.792
0.479
0.708
0.583
0.750
0.358
0.750
0.484
0.333
0.542
0.167
0.542
0.917
0.356
0.458
0.604
0.396
0.250
0.521
0.208
0.646
0.792
0.375
0.333
0.604
0.562
0.458
0.771
0.688
0.562
0.438
0.521
0.646
0.417
0.562
0.500
0.271
0.312
0.542
0.314
0.729
0.479
0.812
0.509
0.562
0.438
0.646
0.458
0.417
0.646
0.604
0.438
0.571
0.396
0.292
0.688
0.688
0.250
0.462
0.375
0.525
0.479
0.646
0.229
0.202
0.885
0.583
0.188
0.833
0.375
0.290
0.438
0.250
0.750
0.667
0.729
0.583
0.646
0.646
0.750
0.479
0.479
0.296
0.542
0.646
0.417
0.688
0.500
0.292
0.938
0.396
0.667
0.438
0.229
0.479
0.479
0.562
0.438
0.771
0.375
0.583
0.396
0.371
0.542
0.438
0.438
0.458
0.292
0.417
0.396
0.521
0.229
0.479
0.494
0.625
0.479
0.396
0.417
0.667
0.722
0.938
0.812
0.750
0.500
0.444
0.938
0.646
0.500
0.458
0.375
0.333
0.354
0.354
0.854
0.542
0.542
0.458
0.354
0.333
0.708
0.542
0.438
0.562
0.417
0.729
0.562
0.750
0.375
0.146
0.562
0.625
0.542
0.208
0.646
0.771
0.646
0.396
0.542
0.708
0.708
0.250
0.517
0.167
0.625
0.438
0.417
0.417
0.479
0.646
0.458
0.417
0.375
0.375
0.543
0.370
0.885
0.354
0.646
0.792
0.396
0.672
0.833
0.542
0.250
0.458
0.500
0.417
0.312
0.271
0.750
0.479
0.625
0.500
0.333
0.500
0.625
0.780
0.792
0.396
0.146
0.271
0.312
0.521
0.292
0.934
0.417
0.604
0.458
0.729
0.146
0.417
0.729
0.458
0.271
0.438
0.542
0.625
0.750
0.417
0.646
0.500
0.167
0.438
0.208
0.229
0.708
0.604
0.625
0.479
0.271
0.604
0.667
0.357
0.354
0.438
0.292
0.479
0.312
0.415
0.479
0.792
0.646
0.688
0.354
0.708
0.771
0.438
0.373
0.479
0.479
0.646
0.500
0.625
0.479
0.312
0.458
0.417
0.354
0.542
0.468
0.521
0.292
0.625
0.500
0.562
0.479
0.375
0.562
0.500
0.188
0.479
0.333
0.500
0.646
0.417
0.479
0.260
0.500
0.500
0.688
0.750
0.438
0.854
0.292
0.625
0.292
0.583
0.208
0.542
0.646
0.750
0.229
0.271
0.729
0.542
0.667
0.521
0.438
0.688
0.396
0.479
0.708
0.521
0.312
0.521
0.396
0.250
0.553
0.750
0.500
0.250
0.375
0.542
0.646
0.625
0.562
0.812
0.873
0.438
0.188
0.646
0.396
0.417
0.417
0.438
0.625
0.419
0.354
0.792
0.396
0.812
0.583
0.583
0.604
0.646
0.375
0.341
0.750
0.729
0.333
0.185
0.729
0.646
0.125
0.250
0.646
0.458
0.250
0.458
0.562
0.458
0.531
0.354
0.562
0.562
0.375
0.604
0.625
0.625
0.271
0.354
0.250
0.458
0.208
0.458
0.688
0.396
0.500
0.708
0.375
0.771
0.292
0.396
0.688
0.479
0.229
0.646
0.845
0.688
0.562
0.729
0.653
0.479
0.458
0.646
0.357
0.396
0.375
0.875
0.208
0.375
0.479
0.417
0.465
0.688
0.396
0.625
0.458
0.625
0.521
0.500
0.500
0.396
0.604
0.375
0.750
0.688
0.422
0.333
0.519
0.354
0.817
0.229
0.604
0.500
0.458
0.417
0.542
0.625
0.479
0.500
0.517
0.625
0.312
0.729
0.438
0.396
0.375
0.333
0.354
0.562
0.521
0.354
0.192
0.292
0.667
0.492
0.354
0.625
0.438
0.500
0.333
0.292
0.333
0.562
0.583
0.750
0.396
0.729
0.521
0.479
0.667
0.458
0.312
0.312
0.479
0.604
0.312
0.750
0.860
0.438
0.625
0.271
0.750
0.500
0.604
0.562
0.667
0.271
0.562
0.319
0.396
0.375
0.417
0.833
0.750
0.750
0.333
0.354
0.521
0.458
0.396
0.479
0.356
0.812
0.875
0.917
0.812
0.417
0.438
0.375
0.646
0.292
0.646
0.375
0.354
0.125
0.562
0.500
0.479
0.271
0.562
0.750
0.604
0.600
0.167
0.798
0.500
0.583
0.271
0.354
0.542
0.521
0.333
0.458
0.562
0.458
0.604
0.646
0.688
0.352
0.500
0.354
0.542
0.417
0.729
0.875
0.625
0.646
0.481
0.458
0.438
0.292
0.429
0.812
0.250
0.625
0.562
0.312
0.271
0.875
0.479
0.271
0.864
0.438
0.667
0.441
0.562
0.417
0.625
0.557
0.521
0.553
0.667
0.583
0.792
0.479
0.479
0.396
0.583
0.417
0.521
0.396
0.458
0.521
0.354
0.667
0.688
0.562
0.375
0.396
0.479
0.542
0.438
0.896
0.500
0.271
0.172
0.771
0.521
0.500
0.333
0.708
0.271
0.521
0.188
0.146
0.333
0.500
0.562
0.840
0.562
0.354
0.542
0.147
0.354
0.583
0.625
0.604
0.167
0.646
0.250
0.458
0.500
0.188
0.562
0.521
0.375
0.750
0.708
0.542
0.873
0.938
0.417
0.458
0.917
0.372
0.521
0.458
0.438
0.125
0.875
0.604
0.250
0.521
0.375
0.604
0.312
0.583
0.517
0.596
0.625
0.583
0.554
0.417
0.292
0.574
0.755
0.850
0.458
0.400
0.604
0.583
0.583
0.554
0.292
0.500
0.396
0.438
0.396
0.143
0.500
0.901
0.891
0.219
0.375
0.354
0.333
0.438
0.531
0.583
0.729
0.500
0.330
0.479
0.625
0.604
0.521
0.188
0.844
0.438
0.625
0.354
0.521
0.667
0.312
0.583
0.729
0.375
0.850
0.562
0.458
0.354
0.562
0.479
0.586
0.146
0.292
0.667
0.521
0.521
0.323
0.458
0.354
0.375
0.896
0.500
0.583
0.542
0.396
0.500
0.417
0.354
0.312
0.354
0.202
0.479
0.188
0.375
0.208
0.479
0.396
0.500
0.500
0.500
0.417
0.417
0.562
0.448
0.708
0.384
0.708
0.167
0.417
0.542
0.729
0.562
0.354
0.708
0.375
0.417
0.521
0.375
0.438
0.771
0.667
0.542
0.417
0.333
0.458
0.604
0.125
0.729
0.461
0.521
0.604
0.271
0.629
0.333
0.304
0.750
0.521
0.479
0.417
0.542
0.438
0.625
0.542
0.396
0.271
0.521
0.854
0.646
0.604
0.354
0.906
0.292
0.500
0.354
0.771
0.542
0.708
0.479
0.521
0.900
0.542
0.688
0.312
0.438
0.333
0.525
0.312
0.292
0.292
0.458
0.396
0.500
0.729
0.417
0.479
0.479
0.312
0.250
0.415
0.688
0.750
0.771
0.396
0.375
0.312
0.375
0.219
0.375
0.500
0.417
0.500
0.542
0.500
0.646
0.292
0.198
0.312
0.396
0.812
0.458
0.438
0.896
0.729
0.354
0.583
0.438
0.500
0.667
0.500
0.479
0.583
0.312
0.458
0.625
0.325
0.208
0.375
0.333
0.604
0.625
0.625
0.438
0.479
0.333
0.396
0.491
0.354
0.708
0.417
0.271
0.509
0.583
0.934
0.438
0.458
0.708
0.438
0.396
0.312
0.417
0.438
0.396
0.479
0.562
0.646
0.271
0.646
0.417
0.542
0.562
0.417
0.438
0.688
0.812
0.271
0.604
0.708
0.458
0.729
0.375
0.271
0.354
0.438
0.729
0.562
0.438
0.500
0.771
0.875
0.583
0.417
0.729
0.625
0.472
0.479
0.490
