0.521
0.521
0.396
0.500
0.271
0.250
0.479
0.479
0.250
0.479
0.417
0.219
0.219
0.417
0.417
0.417
0.219
0.417
0.417
0.417
0.417
0.254
0.458
0.458
0.417
0.458
0.500
0.254
0.458
0.396
0.312
0.167
0.438
0.458
0.458
0.271
0.333
0.500
0.509
0.333
0.271
0.458
0.375
0.688
0.458
0.458
0.458
0.688
0.396
0.583
0.771
0.833
0.833
0.833
0.833
0.833
0.833
0.833
0.833
0.833
0.521
0.646
0.375
0.646
0.521
0.812
0.542
0.521
0.417
0.542
0.562
0.354
0.354
0.185
0.354
0.032
0.354
0.354
0.185
0.354
0.562
0.688
0.438
0.750
0.438
0.562
0.479
0.604
0.417
0.375
0.438
0.417
0.375
0.417
0.417
0.354
0.438
0.438
0.438
0.438
0.479
0.250
0.500
0.500
0.479
0.229
0.479
0.375
0.500
0.250
0.458
0.177
0.521
0.438
0.729
0.312
0.521
0.177
0.177
0.646
0.688
0.688
0.688
0.688
0.688
0.688
0.688
0.688
0.458
0.688
0.562
0.562
0.271
0.341
0.562
0.254
0.254
0.254
0.333
0.333
0.188
0.188
0.188
0.188
0.188
0.188
0.188
0.188
0.188
0.688
0.458
0.458
0.208
0.583
0.583
0.396
0.396
0.396
0.646
0.604
0.479
0.375
0.458
0.521
0.250
0.521
0.458
0.458
0.458
0.375
0.312
0.229
0.312
0.500
0.354
0.312
0.500
0.096
0.500
0.500
0.479
0.167
0.458
0.500
0.500
0.500
0.146
0.521
0.500
0.500
0.521
0.521
0.417
0.521
0.521
0.729
0.521
0.521
0.521
0.521
0.771
0.771
0.771
0.771
0.771
0.521
0.771
0.771
0.458
0.458
0.417
0.417
0.202
0.271
0.604
0.646
0.583
0.604
0.271
0.354
0.583
0.312
0.646
0.289
0.438
0.583
0.289
0.604
0.289
0.177
0.358
0.229
0.708
0.438
0.479
0.438
0.146
0.562
0.542
0.479
0.542
0.438
0.438
0.438
0.438
0.438
0.438
0.438
0.438
0.438
0.479
0.479
0.438
0.271
0.479
0.032
0.333
0.438
0.375
0.479
0.417
0.500
0.229
0.500
0.500
0.229
0.417
0.417
0.521
0.417
0.375
0.032
0.032
0.521
0.375
0.032
0.032
0.521
0.375
0.375
0.417
0.417
0.458
0.417
0.417
0.417
0.417
0.417
0.271
0.417
0.708
0.891
0.708
0.891
0.708
0.292
0.891
0.708
0.891
0.708
0.396
0.509
0.396
0.667
0.396
0.375
0.521
0.396
0.396
0.396
0.438
0.292
0.375
0.375
0.375
0.292
0.229
0.771
0.375
0.604
0.417
0.417
0.562
0.542
0.542
0.219
0.542
0.417
0.417
0.542
0.373
0.271
0.521
0.271
0.521
0.562
0.271
0.271
0.373
0.271
0.458
0.458
0.458
0.438
0.458
0.438
0.458
0.458
0.438
0.438
0.604
0.604
0.625
0.604
0.438
0.417
0.604
0.604
0.604
0.604
0.333
0.792
0.646
0.333
0.688
0.417
0.295
0.417
0.417
0.417
0.229
0.396
0.250
0.229
0.229
0.396
0.396
0.396
0.396
0.229
0.583
0.479
0.208
0.583
0.354
0.208
0.438
0.583
0.229
0.562
0.333
0.333
0.479
0.375
0.479
0.333
0.333
0.729
0.333
0.333
0.417
0.688
0.521
0.125
0.688
0.375
0.688
0.688
0.688
0.688
0.458
0.521
0.208
0.521
0.417
0.254
0.458
0.521
0.417
0.208
0.500
0.708
0.708
0.708
0.417
0.708
0.521
0.708
0.292
0.708
0.500
0.500
0.438
0.500
0.500
0.396
0.500
0.312
0.396
0.438
0.458
0.729
0.750
0.625
0.188
0.750
0.625
0.625
0.323
0.625
0.312
0.312
0.500
0.312
0.312
0.312
0.312
0.312
0.312
0.375
0.271
0.271
0.604
0.250
0.271
0.271
0.271
0.271
0.271
0.271
0.479
0.375
0.208
0.750
0.354
0.292
0.479
0.208
0.479
0.292
0.479
0.479
0.458
0.521
0.875
0.250
0.521
0.396
0.812
0.521
0.396
0.521
0.375
0.479
0.729
0.729
0.479
0.521
0.521
0.521
