0.146
0.479
0.646
0.479
0.479
0.479
0.438
0.125
0.542
0.479
0.604
0.479
0.479
0.646
0.479
0.375
0.479
0.604
0.312
0.562
0.292
0.458
0.438
0.438
0.479
0.479
0.479
0.479
0.542
0.375
0.479
0.479
0.479
0.562
0.479
0.479
0.479
0.562
0.438
0.542
0.479
0.479
0.479
0.479
0.604
0.479
0.479
0.438
0.479
0.500
0.438
0.438
0.479
0.542
0.417
0.479
0.479
0.479
0.667
0.490
0.604
0.479
0.667
0.521
0.479
0.458
0.458
0.479
0.458
0.458
0.479
0.479
0.458
0.375
0.479
0.646
0.625
0.479
0.408
0.562
0.604
0.479
0.438
0.438
0.417
0.458
0.479
0.417
0.500
0.417
0.417
0.479
0.375
0.479
0.479
0.375
0.375
0.479
0.479
0.479
0.479
0.208
0.479
0.479
0.458
0.562
0.562
0.479
0.479
0.500
0.417
0.479
0.375
0.646
0.479
0.479
0.438
0.479
0.479
0.417
0.438
0.479
0.417
0.479
0.438
0.500
0.438
0.479
0.438
0.458
0.438
0.479
0.375
0.438
0.667
0.628
0.438
0.417
0.375
0.479
0.500
0.438
0.458
0.562
0.479
0.479
0.479
0.375
0.542
0.417
0.375
0.500
0.417
0.542
0.417
0.417
0.479
0.646
0.438
0.438
0.375
0.479
0.208
0.396
0.125
0.396
0.417
0.417
0.438
0.479
0.375
0.479
0.438
0.646
0.646
0.438
0.438
0.438
0.438
0.646
0.625
0.417
0.438
0.479
0.625
0.263
0.479
0.646
0.479
0.479
0.479
0.750
0.417
0.375
0.479
0.417
0.500
0.438
0.375
0.500
0.479
0.438
0.579
0.479
0.479
0.479
0.646
0.417
0.479
0.438
0.479
0.708
0.479
0.375
0.479
0.479
0.417
0.438
0.417
0.604
0.479
0.375
0.646
0.628
0.438
0.375
0.479
0.562
0.438
0.604
0.500
0.479
0.479
0.479
0.792
0.438
0.375
0.500
0.479
0.375
0.375
0.646
0.458
0.438
0.438
0.542
0.375
0.646
0.479
0.479
0.417
0.479
0.375
0.417
0.479
0.438
0.500
0.417
0.479
0.438
0.542
0.479
0.479
0.417
0.583
0.396
0.479
0.375
0.500
0.479
0.500
0.750
0.458
0.521
0.479
0.438
0.500
0.438
0.688
0.479
0.479
0.667
0.479
0.271
0.479
0.438
0.375
0.648
0.646
0.271
0.438
0.417
0.542
0.479
0.604
0.375
0.250
0.479
0.479
0.500
0.479
0.646
0.438
0.500
0.438
0.438
0.438
0.479
0.646
0.479
0.500
0.479
0.292
0.417
0.333
0.479
0.417
0.667
0.375
0.708
0.458
0.417
0.479
0.417
0.438
0.438
0.333
0.375
0.375
0.438
0.375
0.479
0.562
0.479
0.438
0.375
0.458
0.479
0.646
0.542
0.375
0.542
0.458
0.500
0.417
0.521
0.250
0.479
0.750
0.458
0.479
0.458
0.458
0.479
0.479
0.333
0.375
0.438
0.479
0.354
0.479
0.479
0.438
0.646
0.458
0.750
0.500
0.479
0.479
0.438
0.438
0.438
0.417
0.438
0.479
0.438
0.438
0.500
0.646
0.438
0.500
0.438
0.375
0.458
0.438
0.479
0.438
0.417
0.688
0.500
0.438
0.792
0.479
0.479
0.667
0.458
0.479
0.417
0.354
0.479
0.396
0.438
0.479
0.479
0.375
0.479
0.479
0.479
0.438
0.479
0.479
0.479
0.438
0.479
0.646
0.479
0.333
0.479
0.479
0.438
0.479
0.479
0.417
0.479
0.479
0.438
0.438
0.479
0.375
0.500
0.479
0.562
0.479
0.375
0.479
0.438
0.375
0.479
0.375
0.438
0.521
0.479
0.500
0.479
0.438
0.792
0.438
0.417
0.438
0.750
0.375
0.667
0.458
0.417
0.375
0.646
0.479
0.208
0.479
0.438
0.333
0.646
0.438
0.438
0.479
0.500
0.479
0.438
0.479
0.438
0.500
0.438
0.771
0.479
0.458
0.646
0.458
0.479
0.562
0.375
0.438
0.438
0.396
0.479
0.375
0.771
0.375
0.646
0.438
0.667
0.375
0.479
0.479
0.438
0.408
0.479
0.708
0.479
0.479
0.438
0.396
0.625
0.438
0.625
0.479
0.479
0.479
0.479
0.490
0.438
0.438
0.438
0.438
0.417
0.438
0.604
0.479
0.479
0.542
0.479
0.479
0.417
0.375
0.479
0.479
0.417
0.146
0.792
0.438
0.625
0.479
0.604
0.646
0.438
0.542
0.479
0.479
0.646
0.375
0.375
0.479
0.333
0.479
0.354
0.417
0.333
0.906
0.479
0.479
0.500
0.604
0.479
0.458
0.479
0.562
0.292
0.438
0.438
0.458
0.375
0.479
0.354
0.375
0.479
0.479
0.500
0.625
0.438
0.438
0.646
0.479
0.750
0.542
0.542
0.479
0.479
0.417
0.479
0.438
0.792
0.458
0.479
0.417
0.417
0.479
0.479
0.438
0.646
0.417
0.438
0.688
0.479
0.438
0.500
0.542
0.604
0.417
0.417
0.417
0.479
0.646
0.542
0.583
0.417
0.792
0.500
0.208
0.479
0.500
0.396
0.438
0.438
0.333
0.458
0.500
0.375
0.417
0.458
0.438
0.375
0.500
0.479
0.250
0.646
0.604
0.417
0.479
0.479
0.458
0.479
0.356
0.604
0.542
0.562
0.479
0.417
0.458
0.333
0.479
0.646
0.479
0.708
0.646
0.708
0.375
0.479
0.417
0.438
0.479
0.125
0.417
0.292
0.479
0.438
0.646
0.458
0.479
0.771
0.438
0.500
0.438
0.479
0.354
0.375
0.458
0.750
0.438
0.375
0.646
0.479
0.479
0.375
0.479
0.333
0.521
0.646
0.479
0.479
0.479
0.417
0.375
0.479
0.542
0.479
0.458
0.667
0.479
0.479
0.417
0.479
0.458
0.333
0.417
0.479
0.306
0.417
0.542
0.417
0.438
0.646
0.479
0.375
0.500
0.438
0.438
0.375
0.417
0.542
0.500
0.708
0.521
0.438
0.354
0.646
0.583
0.479
0.479
0.458
0.479
0.417
0.667
0.396
0.479
0.604
0.646
0.354
0.292
0.438
0.479
0.479
0.125
0.458
0.417
0.438
0.479
0.438
0.688
0.542
0.438
0.562
0.479
0.438
0.667
0.479
0.479
0.479
0.458
0.396
0.479
0.479
0.479
0.750
0.417
0.479
0.479
0.646
0.792
0.792
0.479
0.562
0.375
0.417
0.417
0.750
0.479
0.333
0.490
0.646
0.479
0.479
0.356
0.438
0.479
0.396
0.375
0.542
0.646
0.479
0.479
0.417
0.479
0.500
0.458
0.375
0.479
0.521
0.479
0.438
0.417
0.438
0.438
0.479
0.458
0.396
0.792
0.646
0.354
0.417
0.479
0.792
0.479
0.417
0.438
0.646
0.479
0.479
0.458
0.500
0.521
0.438
0.479
0.292
0.479
0.375
0.417
0.458
0.458
0.417
0.500
0.479
0.479
0.521
0.646
0.583
0.521
0.375
0.479
0.292
0.438
0.438
0.438
0.458
0.417
0.479
0.521
0.646
0.750
0.479
0.792
0.604
0.417
0.479
0.375
0.688
0.646
0.438
0.479
0.396
0.479
0.438
0.417
0.479
0.479
0.542
0.479
0.479
0.646
0.479
0.438
0.479
0.479
0.438
0.479
0.458
0.646
0.479
0.438
0.375
0.458
0.479
0.500
0.542
0.479
0.479
0.500
0.438
0.479
0.479
0.375
0.500
0.375
0.375
0.479
0.646
0.646
0.417
0.479
0.333
0.354
0.479
0.521
0.479
0.479
0.521
0.458
0.479
0.479
0.438
0.438
0.417
0.458
0.542
0.562
0.479
0.375
0.146
0.479
0.708
0.479
0.542
0.479
0.479
0.438
0.438
0.646
0.479
0.708
0.438
0.438
0.646
0.458
0.479
0.458
0.417
0.479
0.438
0.667
0.479
0.458
0.125
0.438
0.646
0.646
0.354
0.438
0.792
0.542
0.417
0.417
0.479
0.417
0.458
0.375
0.542
0.479
0.500
0.646
0.479
0.438
0.479
0.375
0.375
0.458
0.479
0.438
0.396
0.628
0.438
0.438
0.542
0.542
0.417
0.479
0.479
0.458
0.438
0.438
0.417
0.479
0.562
0.479
0.458
0.542
0.438
0.750
0.417
0.646
0.479
0.438
0.479
0.562
0.646
0.438
0.604
0.354
0.417
0.438
0.604
0.438
0.417
0.479
0.479
0.438
0.479
0.438
0.417
0.417
0.479
0.438
0.562
0.479
0.479
0.562
0.438
0.375
0.479
0.417
0.646
0.500
0.646
0.479
0.479
0.438
0.438
0.375
0.479
0.646
0.354
0.417
0.625
0.417
0.479
0.479
0.417
0.479
0.479
0.479
0.479
0.438
0.500
0.479
0.417
0.479
0.542
0.438
0.438
0.500
0.750
0.438
0.375
0.292
0.438
0.542
0.479
0.562
0.542
0.646
0.438
0.562
0.479
0.417
0.542
0.438
0.521
0.604
0.479
0.396
0.479
0.479
0.438
0.417
0.375
0.354
0.458
0.479
0.375
0.479
0.438
0.375
0.479
0.375
0.479
0.146
0.750
0.500
0.438
0.479
0.646
0.333
0.479
0.438
0.375
0.417
0.438
0.458
0.438
0.396
0.479
0.438
0.292
0.479
0.438
0.375
0.479
0.375
0.729
0.333
0.479
0.646
0.479
0.375
0.354
0.479
0.458
0.604
0.479
0.562
0.542
0.500
0.479
0.562
0.646
0.438
0.479
0.521
0.646
0.458
0.375
0.375
0.417
0.479
0.479
0.479
0.479
0.438
0.417
0.646
0.479
0.479
0.438
0.458
0.479
0.417
0.479
0.542
0.479
0.479
0.479
0.375
0.542
0.417
0.646
0.417
0.396
0.438
0.375
0.479
0.375
0.438
0.542
0.479
0.458
0.479
0.438
0.458
0.625
0.479
0.500
0.438
0.479
0.479
0.479
0.604
0.479
0.479
0.500
0.519
0.479
0.417
0.479
0.521
0.500
0.479
0.479
0.375
0.375
0.417
0.375
0.438
0.375
0.479
0.417
0.542
0.479
0.375
0.438
0.417
0.500
0.479
0.792
0.479
0.708
0.500
0.375
0.354
0.417
0.458
0.500
0.438
0.292
0.500
0.438
0.542
0.792
0.396
0.417
0.479
0.479
0.438
0.521
0.479
0.521
0.646
0.417
0.375
0.792
0.521
0.438
0.417
0.375
0.646
0.500
0.479
0.438
0.667
0.479
0.479
0.479
0.479
0.438
0.417
0.479
0.750
0.750
0.250
0.479
0.479
0.458
0.646
0.438
0.438
0.438
0.375
0.479
0.375
0.438
0.375
0.479
0.417
0.490
0.646
0.458
0.479
0.438
0.417
0.458
0.479
0.438
0.458
0.750
0.479
0.600
0.542
0.479
0.500
0.354
0.417
0.479
0.604
0.375
0.479
0.438
0.562
0.458
0.479
0.646
0.479
0.479
0.438
0.646
0.479
0.417
0.417
0.604
0.479
0.375
0.479
0.667
0.479
0.750
0.604
0.542
0.479
0.542
0.562
0.375
0.458
0.646
0.479
0.208
0.479
0.438
0.500
0.438
0.562
0.438
0.625
0.479
0.438
0.375
0.417
0.646
0.583
0.438
0.458
0.646
0.583
0.417
0.438
0.479
0.458
0.521
0.375
0.646
0.479
0.438
0.375
0.438
0.479
0.438
0.417
0.500
0.479
0.375
0.479
0.438
0.479
0.417
0.333
0.906
0.417
0.479
0.417
0.479
0.375
0.417
0.479
0.417
0.562
0.479
0.375
0.354
0.438
0.500
0.625
0.479
0.417
0.646
0.438
0.458
0.417
0.479
0.438
0.479
0.375
0.750
0.625
0.542
0.500
0.479
0.458
0.479
0.438
0.479
0.521
0.604
0.375
0.458
0.604
0.479
0.375
0.479
0.375
0.333
0.458
0.417
0.562
0.458
0.625
0.646
0.438
0.646
0.292
0.521
0.479
0.646
0.479
0.479
0.438
0.417
0.438
0.438
0.479
0.646
0.375
0.438
0.396
0.375
0.375
0.542
0.479
0.479
0.375
0.542
0.417
0.521
0.646
0.479
0.479
0.375
0.479
0.375
0.438
0.479
0.417
0.438
0.646
0.375
0.500
0.479
0.479
0.375
0.312
0.646
0.646
0.479
0.646
0.438
0.458
0.438
0.562
0.479
0.438
0.146
0.500
0.479
0.479
0.521
0.646
0.458
0.458
0.417
0.479
0.417
0.646
0.562
0.375
0.479
0.396
0.375
0.479
0.479
0.125
0.479
0.458
0.479
0.208
0.438
0.458
0.500
0.500
0.479
0.562
0.417
0.375
0.417
0.479
0.417
0.375
0.375
0.479
0.646
0.375
0.562
0.438
0.479
0.396
0.604
0.542
0.479
0.375
0.479
0.500
0.646
0.438
0.417
0.479
0.479
0.125
0.542
0.479
0.521
0.375
0.408
0.521
0.479
0.479
0.521
0.438
0.438
0.417
0.542
0.375
0.375
0.479
0.542
0.417
0.479
0.375
0.479
0.479
0.354
0.375
0.375
0.479
0.438
0.479
0.542
0.708
0.479
0.479
0.458
0.438
0.438
0.604
0.479
0.542
0.417
0.312
0.396
0.604
0.500
0.438
0.438
0.479
0.417
0.479
0.479
0.438
0.479
0.415
0.479
0.479
0.479
0.583
0.438
0.458
0.375
0.479
0.438
0.500
0.417
0.479
0.438
0.500
0.438
0.500
0.396
0.479
0.479
0.479
0.458
0.479
0.500
0.438
0.479
0.542
0.396
0.417
0.375
0.438
0.479
0.646
0.417
0.438
0.438
0.479
0.417
0.375
0.333
0.479
0.708
0.646
0.438
0.479
0.438
0.479
0.479
0.500
0.479
0.479
0.500
0.479
0.479
0.417
0.458
0.521
0.750
0.438
0.708
0.312
0.417
0.438
0.396
0.417
0.562
0.542
0.438
0.479
0.396
0.646
0.479
0.417
0.438
0.479
0.750
0.375
0.417
0.438
0.438
0.479
0.375
0.479
0.646
0.438
0.479
0.375
0.438
0.438
0.479
0.604
0.648
0.438
0.479
0.375
0.521
0.479
0.490
