0.396
0.479
0.354
0.354
0.479
0.438
0.271
0.354
0.354
0.438
0.417
0.219
0.417
0.417
0.219
0.417
0.417
0.219
0.250
0.417
0.121
0.417
0.271
0.032
0.417
0.032
0.458
0.306
0.417
0.354
0.458
0.354
0.354
0.375
0.354
0.458
0.458
0.500
0.458
0.479
0.438
0.438
0.438
0.271
0.271
0.438
0.438
0.271
0.271
0.438
0.833
0.833
0.833
0.833
0.833
0.479
0.833
0.833
0.833
0.833
0.479
0.521
0.542
0.562
0.458
0.500
0.417
0.417
0.354
0.348
0.292
0.354
0.292
0.292
0.354
0.292
0.229
0.032
0.354
0.292
0.375
0.521
0.375
0.604
0.438
0.146
0.500
0.542
0.292
0.333
0.417
0.396
0.438
0.438
0.417
0.438
0.438
0.292
0.438
0.438
0.729
0.479
0.500
0.479
0.667
0.500
0.500
0.250
0.479
0.479
0.458
0.372
0.521
0.458
0.458
0.354
0.292
0.458
0.146
0.438
0.688
0.688
0.375
0.417
0.688
0.271
0.229
0.688
0.688
0.688
0.583
0.417
0.333
0.254
0.562
0.625
0.333
0.333
0.333
0.479
0.323
0.188
0.646
0.188
0.188
0.032
0.188
0.188
0.188
0.188
0.542
0.792
0.646
0.396
0.208
0.208
0.312
0.542
0.208
0.542
0.562
0.458
0.325
0.438
0.562
0.562
0.562
0.562
0.562
0.542
0.479
0.312
0.312
0.542
0.312
0.479
0.500
0.542
0.312
0.479
0.312
0.562
0.312
0.729
0.521
0.500
0.479
0.312
0.312
0.500
0.521
0.625
0.521
0.479
0.521
0.167
0.521
0.521
0.167
0.521
0.625
0.812
0.625
0.771
0.458
0.208
0.479
0.479
0.479
0.542
0.208
0.333
0.417
0.202
0.202
0.202
0.271
0.604
0.417
0.646
0.562
0.438
0.333
0.121
0.479
0.542
0.542
0.202
0.438
0.479
0.229
0.375
0.542
0.132
0.229
0.438
0.708
0.542
0.479
0.479
0.438
0.438
0.438
0.438
0.438
0.542
0.438
0.438
0.438
0.375
0.125
0.271
0.292
0.438
0.562
0.438
0.333
0.125
0.562
0.396
0.750
0.271
0.750
0.750
0.417
0.417
0.417
0.417
0.500
0.271
0.271
0.375
0.375
0.271
0.271
0.521
0.375
0.375
0.271
0.375
0.271
0.500
0.271
0.458
0.458
0.500
0.271
0.271
0.417
0.500
0.708
0.891
0.891
0.688
0.891
0.396
0.688
0.891
0.891
0.891
0.396
0.375
0.396
0.146
0.396
0.375
0.396
0.292
0.396
0.292
0.254
0.604
0.229
0.375
0.375
0.604
0.521
0.438
0.438
0.333
0.542
0.417
0.417
0.542
0.542
0.792
0.542
0.417
0.542
0.458
0.271
0.562
0.479
0.271
0.271
0.562
0.646
0.375
0.271
0.688
0.458
0.438
0.438
0.458
0.438
0.458
0.458
0.458
0.458
0.375
0.417
0.417
0.604
0.375
0.417
0.417
0.375
0.604
0.604
0.417
0.625
0.208
0.458
0.458
0.625
0.417
0.295
0.375
0.312
0.479
0.229
0.396
0.229
0.396
0.500
0.458
0.354
0.375
0.521
0.396
0.646
0.500
0.333
0.500
0.562
0.438
0.583
0.271
0.271
0.583
0.417
0.479
0.458
0.333
0.417
0.604
0.417
0.354
0.458
0.479
0.688
0.688
0.292
0.625
0.354
0.521
0.688
0.188
0.292
0.188
0.438
0.438
0.208
0.458
0.521
0.729
0.458
0.729
0.729
0.688
0.479
0.292
0.333
0.396
0.708
0.708
0.032
0.562
0.792
0.708
0.500
0.500
0.292
0.438
0.500
0.396
0.500
0.500
0.500
0.312
0.250
0.375
0.417
0.479
0.625
0.208
0.625
0.192
0.458
0.625
0.312
0.375
0.375
0.312
0.354
0.292
0.271
0.312
0.292
0.292
0.557
0.396
0.396
0.396
0.557
0.557
0.396
0.557
0.333
0.127
0.292
0.292
0.375
0.354
0.292
0.479
0.354
0.354
0.208
0.354
0.625
0.625
0.542
0.625
0.542
0.458
0.667
0.479
0.458
0.479
0.375
0.479
0.479
0.479
0.521
0.479
0.375
0.396
0.479
0.521
