0.479
0.312
0.479
0.417
0.479
0.479
0.479
0.333
0.792
0.479
0.479
0.375
0.479
0.208
0.479
0.479
0.479
0.208
0.479
0.479
0.096
0.354
0.096
0.521
0.096
0.096
0.096
0.646
0.333
0.096
0.688
0.542
0.688
0.479
0.688
0.688
0.688
0.312
0.458
0.688
0.562
0.562
0.562
0.562
0.562
0.562
0.562
0.562
0.562
0.562
0.833
0.771
0.833
0.542
0.833
0.833
0.833
0.771
0.771
0.833
0.500
0.375
0.500
0.500
0.500
0.500
0.500
0.500
0.500
0.500
0.292
0.292
0.292
0.292
0.292
0.292
0.292
0.625
0.625
0.292
0.125
0.312
0.125
0.125
0.125
0.125
0.125
0.438
0.438
0.125
0.438
0.250
0.438
0.438
0.438
0.438
0.438
0.438
0.438
0.438
0.096
0.312
0.096
0.583
0.096
0.096
0.096
0.583
0.479
0.096
0.146
0.354
0.146
0.438
0.146
0.146
0.146
0.146
0.354
0.146
0.688
0.688
0.688
0.375
0.688
0.688
0.688
0.375
0.688
0.688
0.417
0.188
0.417
0.375
0.417
0.417
0.417
0.375
0.167
0.417
0.333
0.396
0.333
0.396
0.333
0.333
0.333
0.479
0.479
0.333
0.458
0.254
0.458
0.438
0.458
0.458
0.458
0.417
0.417
0.458
0.562
0.371
0.562
0.729
0.562
0.562
0.562
0.354
0.625
0.562
0.167
0.625
0.167
0.146
0.167
0.167
0.167
0.333
0.229
0.167
0.167
0.500
0.167
0.500
0.167
0.167
0.167
0.438
0.292
0.167
0.521
0.521
0.521
0.521
0.521
0.521
0.521
0.521
0.521
0.521
0.771
0.771
0.771
0.771
0.771
0.771
0.771
0.479
0.312
0.771
0.417
0.521
0.417
0.417
0.417
0.417
0.417
0.328
0.417
0.417
0.542
0.438
0.542
0.688
0.542
0.542
0.542
0.167
0.438
0.542
0.312
0.333
0.312
0.562
0.312
0.312
0.312
0.354
0.729
0.312
0.438
0.438
0.438
0.438
0.438
0.438
0.438
0.438
0.271
0.438
0.438
0.167
0.438
0.312
0.438
0.438
0.438
0.438
0.312
0.438
0.427
0.646
0.427
0.583
0.427
0.427
0.427
0.542
0.500
0.427
0.750
0.458
0.750
0.312
0.750
0.750
0.750
0.458
0.604
0.750
0.521
0.229
0.521
0.479
0.521
0.521
0.521
0.375
0.458
0.521
0.891
0.891
0.891
0.891
0.891
0.891
0.891
0.891
0.891
0.891
0.333
0.375
0.333
0.458
0.333
0.333
0.333
0.542
0.562
0.333
0.646
0.646
0.646
0.646
0.646
0.646
0.646
0.750
0.646
0.646
0.521
0.271
0.521
0.500
0.521
0.521
0.521
0.500
0.500
0.521
0.375
0.312
0.375
0.438
0.375
0.375
0.375
0.271
0.271
0.375
0.479
0.333
0.479
0.312
0.479
0.479
0.479
0.312
0.438
0.479
0.604
0.292
0.604
0.333
0.604
0.604
0.604
0.292
0.292
0.604
0.438
0.542
0.438
0.438
0.438
0.438
0.438
0.438
0.121
0.438
0.229
0.188
0.229
0.354
0.229
0.229
0.229
0.708
0.646
0.229
0.500
0.750
0.500
0.417
0.500
0.500
0.500
0.375
0.405
0.500
0.521
0.688
0.521
0.185
0.521
0.521
0.521
0.562
0.562
0.521
0.312
0.562
0.312
0.260
0.312
0.312
0.312
0.667
0.667
0.312
0.396
0.500
0.396
0.646
0.396
0.396
0.396
0.646
0.417
0.396
0.625
0.646
0.625
0.521
0.625
0.625
0.625
0.667
0.708
0.625
0.500
0.500
0.500
0.417
0.500
0.500
0.500
0.500
0.375
0.500
0.354
0.646
0.354
0.479
0.354
0.354
0.354
0.646
0.333
0.354
0.333
0.167
0.333
0.167
0.333
0.333
0.333
0.271
0.479
0.333
0.557
0.333
0.557
0.375
0.557
0.557
0.557
0.333
0.312
0.557
0.354
0.188
0.354
0.542
0.354
0.354
0.354
0.562
0.542
0.354
0.292
0.263
0.292
0.625
0.292
0.292
0.292
0.438
0.438
0.292
0.396
0.396
0.396
0.292
0.396
0.396
0.396
0.312
0.396
0.396
