0.438
0.750
0.354
0.354
0.396
0.271
0.556
0.438
0.458
0.667
0.562
0.438
0.438
0.375
0.479
0.766
0.604
0.438
0.500
0.417
0.417
0.417
0.438
0.562
0.458
0.479
0.646
0.625
0.646
0.479
0.438
0.750
0.646
0.458
0.458
0.500
0.458
0.562
0.438
0.375
0.479
0.479
0.458
0.479
0.604
0.562
0.604
0.271
0.479
0.292
0.562
0.417
0.375
0.542
0.333
0.479
0.500
0.479
0.667
0.438
0.604
0.500
0.438
0.750
0.354
0.375
0.417
0.458
0.438
0.500
0.438
0.625
0.479
0.438
0.625
0.500
0.333
0.688
0.438
0.625
0.417
0.438
0.521
0.438
0.562
0.500
0.521
0.125
0.438
0.417
0.271
0.188
0.729
0.479
0.583
0.271
0.562
0.500
0.625
0.542
0.646
0.438
0.500
0.521
0.417
0.562
0.479
0.375
0.479
0.438
0.625
0.458
0.375
0.562
0.396
0.479
0.417
0.479
0.729
0.562
0.354
0.375
0.479
0.479
0.562
0.417
0.646
0.729
0.438
0.500
0.604
0.458
0.375
0.646
0.667
0.625
0.667
0.521
0.479
0.479
0.500
0.625
0.500
0.354
0.500
0.521
0.458
0.396
0.542
0.667
0.646
0.438
0.375
0.500
0.417
0.375
0.417
0.396
0.438
0.542
0.375
0.500
0.438
0.438
0.438
0.396
0.438
0.354
0.479
0.479
0.375
0.646
0.417
0.521
0.500
0.375
0.604
0.417
0.312
0.521
0.625
0.479
0.500
0.375
0.479
0.417
0.375
0.667
0.479
0.625
0.479
0.750
0.625
0.479
0.417
0.500
0.646
0.542
0.229
0.417
0.438
0.438
0.579
0.479
0.667
0.583
0.729
0.146
0.438
0.417
0.542
0.500
0.417
0.500
0.500
0.417
0.458
0.458
0.479
0.479
0.604
0.354
0.538
0.625
0.438
0.438
0.438
0.438
0.646
0.604
0.479
0.729
0.500
0.458
0.667
0.667
0.479
0.562
0.354
0.438
0.438
0.479
0.500
0.646
0.750
0.438
0.354
0.562
0.354
0.354
0.229
0.479
0.417
0.458
0.708
0.417
0.479
0.438
0.667
0.667
0.729
0.312
0.458
0.562
0.792
0.438
0.375
0.500
0.458
0.438
0.500
0.583
0.771
0.646
0.479
0.417
0.396
0.479
0.500
0.562
0.479
0.583
0.583
0.375
0.500
0.792
0.375
0.396
0.417
0.646
0.646
0.500
0.750
0.458
0.792
0.417
0.375
0.500
0.354
0.458
0.646
0.438
0.438
0.417
0.271
0.625
0.667
0.750
0.521
0.583
0.417
0.646
0.417
0.562
0.438
0.562
0.604
0.438
0.438
0.708
0.375
0.417
0.438
0.479
0.354
0.438
0.417
0.354
0.646
0.500
0.500
0.458
0.375
0.375
0.438
0.479
0.562
0.375
0.458
0.542
0.479
0.375
0.646
0.396
0.667
0.562
0.438
0.438
0.625
0.625
0.214
0.479
0.458
0.458
0.562
0.375
0.438
0.438
0.292
0.271
0.312
0.792
0.146
0.479
0.438
0.417
0.500
0.750
0.333
0.438
0.583
0.438
0.667
0.500
0.292
0.458
0.625
0.500
0.500
0.292
0.479
0.458
0.438
0.500
0.542
0.417
0.538
0.396
0.500
0.208
0.521
0.479
0.771
0.458
0.479
0.479
0.438
0.438
0.271
0.375
0.354
0.375
0.438
0.500
0.438
0.417
0.771
0.396
0.396
0.250
0.688
0.438
0.646
0.479
0.604
0.458
0.500
0.438
0.521
0.396
0.479
0.729
0.562
0.438
0.500
0.500
0.562
0.604
0.500
0.500
0.625
0.667
0.458
0.375
0.646
0.354
0.542
0.458
0.500
0.375
0.396
0.812
0.646
0.625
0.375
0.458
0.479
0.417
0.438
0.417
0.750
0.667
0.458
0.479
0.438
0.375
0.500
0.438
0.479
0.556
0.438
0.479
0.458
0.500
0.500
0.562
0.500
0.375
0.438
0.417
0.479
0.500
0.438
0.750
0.438
0.854
0.479
0.438
0.208
0.646
0.417
0.583
0.375
0.771
0.375
0.333
0.396
0.458
0.438
0.625
0.438
0.375
0.438
0.354
0.562
0.354
0.292
0.646
0.438
0.396
0.396
0.521
0.458
0.562
0.479
0.708
0.479
0.417
0.542
0.458
0.375
0.625
0.458
0.562
0.875
0.438
0.500
0.646
0.375
0.417
0.479
0.458
0.396
0.500
0.500
0.625
0.500
0.479
0.479
0.375
0.438
0.417
0.188
0.646
0.625
0.458
0.479
0.521
0.458
0.208
0.562
0.417
0.438
0.438
0.500
0.458
0.646
0.479
0.396
0.417
0.458
0.667
0.438
0.667
0.417
0.292
0.562
0.375
0.479
0.427
0.396
0.375
0.898
0.354
0.604
0.500
0.479
0.479
0.375
0.333
0.583
0.750
0.438
0.479
0.562
0.396
0.417
0.417
0.625
0.479
0.438
0.333
0.479
0.438
0.438
0.417
0.333
0.396
0.500
0.375
0.500
0.521
0.479
0.708
0.396
0.604
0.500
0.542
0.458
0.479
0.521
0.562
0.583
0.646
0.479
0.542
0.438
0.292
0.750
0.646
0.542
0.479
0.333
0.562
0.542
0.438
0.625
0.667
0.417
0.500
0.354
0.096
0.250
0.417
0.604
0.479
0.479
0.771
0.458
0.479
0.333
0.500
0.458
0.417
0.583
0.438
0.667
0.375
0.500
0.500
0.625
0.708
0.438
0.375
0.354
0.583
0.812
0.583
0.625
0.438
0.500
0.458
0.438
0.438
0.375
0.458
0.375
0.646
0.417
0.479
0.396
0.479
0.314
0.354
0.312
0.333
0.625
0.438
0.688
0.521
0.667
0.417
0.417
0.333
0.646
0.562
0.479
0.333
0.479
0.438
0.500
0.604
0.500
0.625
0.417
0.438
0.479
0.521
0.354
0.604
0.500
0.292
0.271
0.583
0.438
0.500
0.500
0.500
0.271
0.625
0.479
0.479
0.438
0.500
0.479
0.417
0.438
0.396
0.438
0.500
0.521
0.521
0.438
0.479
0.333
0.625
0.646
0.438
0.500
0.521
0.583
0.458
0.500
0.417
0.438
0.519
0.354
0.729
0.479
0.479
0.438
0.438
0.479
0.375
0.583
0.438
0.688
0.604
0.438
0.417
0.667
0.375
0.667
0.438
0.438
0.312
0.417
0.438
0.458
0.542
0.479
0.750
0.333
0.214
0.417
0.292
0.792
0.667
0.479
0.646
0.562
0.750
0.458
0.417
0.479
0.583
0.542
0.375
0.542
0.562
0.125
0.500
0.604
0.396
0.500
0.521
0.438
0.667
0.438
0.375
0.438
0.646
0.562
0.458
0.771
0.688
0.396
0.438
0.438
0.583
0.646
0.729
0.500
0.438
0.375
0.562
0.354
0.479
0.500
0.812
0.729
0.458
0.438
0.646
0.333
0.417
0.646
0.646
0.375
0.438
0.396
0.292
0.583
0.688
0.542
0.462
0.375
0.438
0.771
0.667
0.229
0.438
0.646
0.583
0.438
0.688
0.500
0.354
0.312
0.521
0.750
0.667
0.625
0.646
0.750
0.479
0.750
0.479
0.479
0.500
0.396
0.625
0.375
0.417
0.500
0.500
0.604
0.479
0.667
0.479
0.271
0.479
0.479
0.646
0.438
0.851
0.479
0.479
0.438
0.371
0.542
0.438
0.438
0.479
0.375
0.292
0.396
0.500
0.438
0.729
0.458
0.500
0.479
0.312
0.417
0.667
0.396
0.729
0.812
0.458
0.396
0.444
0.729
0.646
0.500
0.354
0.375
0.292
0.354
0.354
0.667
0.500
0.542
0.458
0.354
0.354
0.479
0.438
0.438
0.646
0.500
0.604
0.646
0.750
0.375
0.438
0.625
0.500
0.542
0.396
0.646
0.375
0.583
0.375
0.500
0.583
0.708
0.438
0.438
0.375
0.625
0.438
0.479
0.375
0.479
0.438
0.458
0.500
0.479
0.479
0.354
0.333
0.396
0.354
0.646
0.792
0.562
0.672
0.851
0.625
0.542
0.500
0.479
0.438
0.542
0.438
0.750
0.375
0.625
0.375
0.375
0.625
0.438
0.604
0.458
0.396
0.146
0.271
0.292
0.479
0.417
0.625
0.479
0.604
0.479
0.729
0.146
0.500
0.521
0.458
0.583
0.438
0.438
0.625
0.438
0.333
0.562
0.375
0.417
0.438
0.667
0.396
0.729
0.646
0.479
0.479
0.271
0.479
0.667
0.375
0.354
0.438
0.375
0.396
0.271
0.479
0.479
0.500
0.417
0.438
0.542
0.479
0.500
0.438
0.500
0.479
0.438
0.646
0.646
0.646
0.500
0.438
0.458
0.438
0.375
0.396
0.354
0.375
0.292
0.625
0.500
0.354
0.479
0.438
0.500
0.542
0.188
0.479
0.333
0.500
0.396
0.458
0.479
0.292
0.500
0.729
0.562
0.750
0.682
0.604
0.500
0.479
0.292
0.583
0.667
0.500
0.646
0.479
0.479
0.375
0.646
0.438
0.354
0.604
0.438
0.396
0.479
0.479
0.708
0.479
0.312
0.521
0.438
0.479
0.553
0.479
0.646
0.500
0.500
0.750
0.646
0.479
0.438
0.604
0.417
0.438
0.562
0.438
0.396
0.417
0.479
0.438
0.625
0.500
0.354
0.556
0.479
0.458
0.417
0.500
0.604
0.479
0.396
0.438
0.750
0.708
0.333
0.542
0.458
0.750
0.354
0.500
0.396
0.417
0.479
0.625
0.479
0.458
0.646
0.500
0.500
0.354
0.375
0.458
0.625
0.646
0.500
0.417
0.479
0.479
0.354
0.458
0.688
0.396
0.375
0.812
0.438
0.625
0.458
0.521
0.438
0.479
0.500
0.646
0.500
0.479
0.917
0.521
0.375
0.438
0.354
0.500
0.438
0.479
0.375
0.875
0.292
0.354
0.646
0.667
0.667
0.458
0.396
0.625
0.458
0.417
0.646
0.375
0.750
0.396
0.312
0.458
0.750
0.688
0.417
0.479
0.438
0.562
0.500
0.229
0.438
0.500
0.646
0.562
0.667
0.646
0.562
0.438
0.438
0.625
0.667
0.271
0.438
0.396
0.354
0.438
0.396
0.562
0.375
0.462
0.438
0.292
0.500
0.375
0.417
0.625
0.500
0.500
0.333
0.292
0.479
0.688
0.583
0.500
0.458
0.479
0.521
0.479
0.354
0.438
0.479
0.312
0.396
0.750
0.417
0.500
0.750
0.438
0.521
0.562
0.417
0.500
0.396
0.500
0.438
0.500
0.562
0.354
0.583
0.417
0.458
0.312
0.750
0.271
0.354
0.375
0.375
0.375
0.646
0.479
0.479
0.458
0.688
0.562
0.812
0.292
0.458
0.375
0.646
0.479
0.646
0.375
0.375
0.333
0.479
0.500
0.479
0.417
0.646
0.479
0.479
0.646
0.396
0.667
0.500
0.354
0.458
0.542
0.542
0.667
0.458
0.458
0.479
0.458
0.604
0.646
0.438
0.396
0.500
0.354
0.417
0.417
0.604
0.771
0.479
0.396
0.479
0.333
0.750
0.583
0.271
0.479
0.271
0.479
0.562
0.438
0.271
0.458
0.479
0.438
0.438
0.354
0.500
0.500
0.562
0.417
0.479
0.354
0.521
0.667
0.667
0.562
0.708
0.479
0.479
0.458
0.583
0.688
0.438
0.583
0.750
0.458
0.417
0.271
0.688
0.417
0.375
0.417
0.500
0.417
0.438
0.625
0.354
0.271
0.172
0.771
0.646
0.500
0.333
0.708
0.271
0.500
0.229
0.500
0.333
0.438
0.479
0.458
0.562
0.458
0.479
0.292
0.354
0.208
0.458
0.604
0.096
0.458
0.375
0.500
0.500
0.375
0.354
0.521
0.375
0.750
0.375
0.438
0.646
0.604
0.417
0.479
0.917
0.292
0.604
0.438
0.750
0.438
0.667
0.604
0.500
0.646
0.375
0.667
0.375
0.583
0.500
0.458
0.500
0.646
0.500
0.417
0.500
0.479
0.667
0.479
0.479
0.625
0.562
0.438
0.583
0.500
0.375
0.521
0.625
0.479
0.354
0.375
0.500
0.479
0.625
0.375
0.375
0.479
0.333
0.521
0.542
0.646
0.729
0.417
0.479
0.458
0.625
0.479
0.521
0.438
0.625
0.438
0.604
0.438
0.750
0.521
0.521
0.583
0.458
0.333
0.667
0.417
0.562
0.375
0.458
0.479
0.562
0.438
0.417
0.667
0.750
0.417
0.438
0.479
0.438
0.438
0.375
0.500
0.583
0.521
0.354
0.500
0.479
0.354
0.271
0.438
0.438
0.479
0.375
0.375
0.438
0.458
0.479
0.479
0.479
0.500
0.417
0.375
0.417
0.458
0.604
0.708
0.438
0.167
0.417
0.667
0.625
0.479
0.604
0.708
0.354
0.417
0.729
0.375
0.417
0.851
0.667
0.479
0.438
0.417
0.438
0.479
0.438
0.667
0.667
0.667
0.438
0.375
0.500
0.333
0.479
0.750
0.438
0.479
0.417
0.438
0.417
0.812
0.500
0.396
0.271
0.521
0.729
0.625
0.604
0.354
0.479
0.292
0.479
0.354
0.646
0.438
0.375
0.479
0.479
0.771
0.479
0.604
0.417
0.438
0.417
0.438
0.438
0.417
0.375
0.292
0.417
0.750
0.417
0.417
0.479
0.625
0.375
0.500
0.500
0.271
0.750
0.604
0.417
0.375
0.438
0.646
0.417
0.375
0.438
0.417
0.479
0.354
0.500
0.562
0.438
0.667
0.542
0.396
0.562
0.458
0.354
0.625
0.438
0.354
0.479
0.438
0.500
0.646
0.500
0.479
0.417
0.417
0.458
0.479
0.438
0.438
0.354
0.333
0.458
0.646
0.500
0.438
0.479
0.333
0.500
0.396
0.354
0.604
0.500
0.438
0.646
0.417
0.625
0.646
0.458
0.417
0.438
0.396
0.312
0.562
0.562
0.396
0.479
0.562
0.667
0.438
0.583
0.479
0.417
0.562
0.646
0.438
0.583
0.604
0.417
0.479
0.708
0.458
0.729
0.396
0.271
0.375
0.438
0.729
0.479
0.417
0.271
0.604
0.646
0.396
0.438
0.729
0.625
0.500
0.479
0.375
