0.479
0.479
0.750
0.646
0.750
0.750
0.479
0.750
0.479
0.479
0.479
0.479
0.375
0.542
0.479
0.479
0.479
0.479
0.479
0.479
0.479
0.208
0.208
0.500
0.479
0.208
0.438
0.458
0.479
0.438
0.438
0.438
0.438
0.542
0.354
0.438
0.438
0.458
0.354
0.438
0.479
0.479
0.479
0.479
0.479
0.479
0.479
0.479
0.479
0.479
0.625
0.542
0.396
0.625
0.625
0.851
0.625
0.851
0.812
0.542
0.479
0.479
0.479
0.479
0.479
0.479
0.479
0.479
0.479
0.479
0.417
0.458
0.625
0.458
0.458
0.458
0.458
0.458
0.458
0.354
0.438
0.417
0.438
0.438
0.417
0.417
0.438
0.438
0.188
0.438
0.438
0.438
0.438
0.479
0.438
0.438
0.479
0.438
0.438
0.479
0.458
0.479
0.479
0.625
0.479
0.479
0.479
0.625
0.479
0.479
0.417
0.417
0.417
0.538
0.375
0.375
0.417
0.375
0.417
0.417
0.688
0.688
0.688
0.604
0.688
0.688
0.688
0.688
0.688
0.688
0.354
0.458
0.354
0.458
0.458
0.458
0.458
0.458
0.458
0.354
0.458
0.583
0.583
0.583
0.583
0.583
0.583
0.583
0.292
0.458
0.562
0.562
0.427
0.396
0.396
0.396
0.562
0.396
0.396
0.562
0.375
0.375
0.375
0.271
0.214
0.375
0.354
0.500
0.375
0.375
0.458
0.458
0.458
0.458
0.458
0.458
0.458
0.458
0.458
0.458
0.562
0.562
0.562
0.562
0.354
0.562
0.438
0.562
0.562
0.375
0.479
0.479
0.479
0.625
0.479
0.479
0.500
0.479
0.479
0.500
0.396
0.396
0.396
0.500
0.396
0.396
0.396
0.396
0.396
0.396
0.500
0.500
0.500
0.500
0.500
0.500
0.438
0.479
0.500
0.438
0.604
0.604
0.604
0.417
0.438
0.604
0.604
0.500
0.604
0.604
0.438
0.438
0.438
0.500
0.438
0.438
0.438
0.500
0.438
0.438
0.583
0.583
0.417
0.625
0.625
0.625
0.583
0.583
0.625
0.583
0.438
0.438
0.438
0.604
0.500
0.438
0.417
0.438
0.188
0.438
0.625
0.625
0.625
0.625
0.625
0.625
0.604
0.625
0.625
0.625
0.729
0.729
0.750
0.729
0.729
0.729
0.729
0.729
0.729
0.729
0.271
0.271
0.271
0.375
0.375
0.271
0.271
0.538
0.271
0.271
0.625
0.625
0.625
0.625
0.625
0.625
0.625
0.479
0.562
0.625
0.562
0.562
0.438
0.562
0.562
0.438
0.562
0.312
0.562
0.500
0.438
0.438
0.438
0.417
0.500
0.438
0.438
0.458
0.500
0.438
0.375
0.375
0.375
0.375
0.375
0.375
0.375
0.375
0.375
0.375
0.396
0.562
0.562
0.500
0.396
0.562
0.562
0.562
0.562
0.562
0.479
0.479
0.375
0.438
0.479
0.479
0.479
0.479
0.479
0.479
0.562
0.562
0.562
0.562
0.562
0.562
0.562
0.562
0.562
0.562
0.375
0.375
0.375
0.500
0.375
0.375
0.375
0.375
0.375
0.375
0.438
0.438
0.438
0.438
0.438
0.438
0.438
0.438
0.438
0.438
0.500
0.500
0.438
0.542
0.500
0.375
0.500
0.438
0.500
0.500
0.417
0.417
0.417
0.417
0.417
0.417
0.417
0.479
0.479
0.417
0.417
0.417
0.417
0.417
0.500
0.417
0.417
0.417
0.417
0.417
0.562
0.562
0.500
0.500
0.562
0.500
0.562
0.562
0.562
0.396
0.646
0.646
0.646
0.750
0.646
0.646
0.646
0.458
0.646
0.646
0.479
0.479
0.500
0.438
0.438
0.500
0.417
0.500
0.479
0.417
0.458
0.458
0.458
0.458
0.458
0.458
0.458
0.542
0.458
0.458
0.229
0.438
0.229
0.229
0.229
0.229
0.438
0.229
0.229
0.438
0.354
0.354
0.562
0.354
0.354
0.562
0.354
0.354
0.562
0.562
0.146
0.438
0.146
0.146
0.146
0.146
0.146
0.146
0.146
0.146
0.458
0.458
0.458
0.750
0.583
0.583
0.458
0.583
0.583
0.438
0.438
0.438
0.438
0.500
0.479
0.438
0.438
0.354
0.438
0.438
