0.729
0.646
0.729
0.479
0.729
0.729
0.729
0.708
0.708
0.729
0.375
0.458
0.375
0.458
0.375
0.375
0.375
0.458
0.458
0.375
0.417
0.479
0.417
0.604
0.417
0.417
0.417
0.479
0.479
0.417
0.542
0.417
0.542
0.417
0.542
0.542
0.542
0.417
0.417
0.542
0.438
0.438
0.438
0.438
0.438
0.438
0.438
0.438
0.438
0.438
0.771
0.729
0.771
0.375
0.771
0.771
0.771
0.771
0.771
0.771
0.375
0.375
0.375
0.375
0.375
0.375
0.375
0.375
0.375
0.375
0.500
0.458
0.500
0.458
0.500
0.500
0.500
0.458
0.458
0.500
0.438
0.646
0.438
0.438
0.438
0.438
0.438
0.438
0.438
0.438
0.479
0.479
0.479
0.479
0.479
0.479
0.479
0.479
0.479
0.479
0.521
0.479
0.521
0.479
0.521
0.521
0.521
0.479
0.521
0.521
0.479
0.417
0.479
0.417
0.479
0.479
0.479
0.479
0.417
0.479
0.479
0.604
0.479
0.604
0.479
0.479
0.479
0.562
0.729
0.479
0.417
0.750
0.417
0.417
0.417
0.417
0.417
0.750
0.750
0.417
0.479
0.500
0.479
0.500
0.479
0.479
0.479
0.500
0.479
0.479
0.438
0.396
0.438
0.438
0.438
0.438
0.438
0.438
0.438
0.438
0.500
0.438
0.500
0.458
0.500
0.500
0.500
0.438
0.438
0.500
0.417
0.417
0.417
0.417
0.417
0.417
0.417
0.417
0.417
0.417
0.438
0.438
0.438
0.438
0.438
0.438
0.438
0.438
0.438
0.438
0.521
0.562
0.521
0.354
0.521
0.521
0.521
0.562
0.562
0.521
0.583
0.500
0.583
0.500
0.583
0.583
0.583
0.583
0.688
0.583
0.417
0.438
0.417
0.438
0.417
0.417
0.417
0.438
0.438
0.417
0.438
0.583
0.438
0.583
0.438
0.438
0.438
0.583
0.583
0.438
0.604
0.479
0.604
0.479
0.604
0.604
0.604
0.479
0.479
0.604
0.438
0.458
0.438
0.438
0.438
0.438
0.438
0.438
0.438
0.438
0.438
0.438
0.438
0.438
0.438
0.438
0.438
0.438
0.438
0.438
0.542
0.625
0.542
0.646
0.542
0.542
0.542
0.625
0.625
0.542
0.708
0.667
0.708
0.729
0.708
0.708
0.708
0.729
0.708
0.708
0.438
0.438
0.438
0.438
0.438
0.438
0.438
0.438
0.438
0.438
0.438
0.479
0.438
0.438
0.438
0.438
0.438
0.438
0.438
0.438
0.417
0.438
0.417
0.417
0.417
0.417
0.417
0.417
0.438
0.417
0.458
0.417
0.458
0.417
0.458
0.458
0.458
0.417
0.417
0.458
0.708
0.479
0.708
0.479
0.708
0.708
0.708
0.708
0.479
0.708
0.417
0.500
0.417
0.417
0.417
0.417
0.417
0.417
0.417
0.417
0.375
0.375
0.375
0.375
0.375
0.375
0.375
0.375
0.375
0.375
0.479
0.438
0.479
0.479
0.479
0.479
0.479
0.479
0.479
0.479
0.354
0.354
0.354
0.354
0.354
0.354
0.354
0.354
0.354
0.354
0.417
0.500
0.417
0.438
0.417
0.417
0.417
0.438
0.438
0.417
0.438
0.708
0.438
0.583
0.438
0.438
0.438
0.438
0.583
0.438
0.562
0.562
0.562
0.562
0.562
0.562
0.562
0.562
0.562
0.562
0.521
0.521
0.521
0.521
0.521
0.521
0.521
0.521
0.521
0.521
0.458
0.458
0.458
0.458
0.458
0.458
0.458
0.458
0.458
0.458
0.458
0.458
0.458
0.458
0.458
0.458
0.458
0.458
0.458
0.458
0.417
0.417
0.417
0.417
0.417
0.417
0.417
0.417
0.417
0.417
0.542
0.542
0.542
0.542
0.542
0.542
0.542
0.542
0.542
0.542
0.521
0.500
0.521
0.500
0.521
0.521
0.521
0.438
0.438
0.521
0.417
0.417
0.417
0.417
0.417
0.417
0.417
0.417
0.417
0.417
0.500
0.500
0.500
0.500
0.500
0.500
0.500
0.500
0.375
0.500
0.750
0.458
0.750
0.458
0.750
0.750
0.750
0.438
0.438
0.750
0.438
0.438
0.438
0.438
0.438
0.438
0.438
0.438
0.438
0.438
