0.438
0.604
0.542
0.396
0.375
0.438
0.556
0.208
0.438
0.417
0.479
0.271
0.417
0.438
0.479
0.562
0.812
0.438
0.417
0.417
0.458
0.417
0.417
0.542
0.646
0.375
0.604
0.562
0.521
0.250
0.500
0.750
0.458
0.688
0.583
0.417
0.417
0.542
0.417
0.542
0.479
0.417
0.708
0.521
0.562
0.542
0.729
0.271
0.417
0.583
0.604
0.417
0.333
0.542
0.458
0.708
0.604
0.479
0.417
0.417
0.604
0.500
0.438
0.646
0.354
0.521
0.417
0.438
0.500
0.479
0.458
0.625
0.479
0.458
0.396
0.417
0.458
0.562
0.333
0.458
0.521
0.354
0.521
0.417
0.375
0.500
0.542
0.438
0.500
0.417
0.271
0.438
0.438
0.479
0.458
0.354
0.458
0.500
0.750
0.417
0.750
0.438
0.500
0.729
0.438
0.562
0.354
0.458
0.479
0.562
0.646
0.375
0.438
0.562
0.396
0.417
0.375
0.521
0.771
0.173
0.354
0.138
0.375
0.479
0.500
0.479
0.646
0.729
0.438
0.479
0.604
0.438
0.375
0.625
0.500
0.628
0.667
0.521
0.500
0.375
0.438
0.625
0.479
0.479
0.646
0.521
0.458
0.646
0.542
0.667
0.417
0.500
0.375
0.333
0.417
0.417
0.479
0.708
0.604
0.521
0.479
0.500
0.438
0.500
0.458
0.500
0.417
0.417
0.479
0.521
0.354
0.604
0.521
0.500
0.604
0.375
0.500
0.625
0.271
0.458
0.646
0.458
0.521
0.375
0.458
0.417
0.479
0.667
0.479
0.750
0.386
0.646
0.625
0.375
0.417
0.417
0.479
0.375
0.438
0.438
0.500
0.375
0.667
0.562
0.625
0.750
0.562
0.458
0.479
0.438
0.438
0.729
0.438
0.375
0.458
0.375
0.542
0.688
0.354
0.604
0.500
0.417
0.417
0.628
0.417
0.417
0.438
0.562
0.333
0.604
0.417
0.729
0.417
0.438
0.792
0.458
0.604
0.562
0.583
0.396
0.438
0.500
0.500
0.646
0.646
0.438
0.479
0.521
0.354
0.583
0.583
0.646
0.771
0.500
0.667
0.521
0.479
0.479
0.583
0.667
0.729
0.542
0.771
0.500
0.792
0.375
0.138
0.438
0.417
0.562
0.375
0.750
0.771
0.417
0.500
0.417
0.458
0.438
0.542
0.500
0.646
0.484
0.479
0.646
0.500
0.729
0.375
0.396
0.417
0.271
0.646
0.458
0.750
0.458
0.792
0.417
0.208
0.438
0.604
0.500
0.646
0.438
0.438
0.500
0.271
0.438
0.354
0.646
0.583
0.604
0.500
0.750
0.812
0.562
0.333
0.479
0.708
0.438
0.438
0.708
0.479
0.375
0.438
0.604
0.354
0.646
0.438
0.438
0.370
0.458
0.354
0.542
0.479
0.396
0.438
0.854
0.500
0.375
0.604
0.458
0.479
0.604
0.771
0.708
0.667
0.500
0.354
0.354
0.750
0.542
0.417
0.458
0.458
0.417
0.562
0.562
0.438
0.479
0.417
0.438
0.312
0.646
0.386
0.604
0.458
0.417
0.438
0.438
0.333
0.396
0.500
0.438
0.667
0.417
0.521
0.500
0.458
0.500
0.500
0.500
0.646
0.458
0.417
0.479
0.417
0.417
0.468
0.438
0.417
0.438
0.375
0.375
0.500
0.438
0.438
0.479
0.521
0.521
0.375
0.438
0.333
0.417
0.438
0.562
0.438
0.417
0.375
0.396
0.500
0.521
0.479
0.438
0.667
0.562
0.604
0.708
0.521
0.521
0.521
0.438
0.271
0.604
0.500
0.500
0.417
0.375
0.438
0.542
0.417
0.438
0.625
0.354
0.458
0.458
0.646
0.500
0.542
0.771
0.396
0.417
0.396
0.812
0.521
0.354
0.375
0.438
0.479
0.458
0.438
0.750
0.750
0.667
0.479
0.417
0.542
0.521
0.417
0.417
0.646
0.556
0.125
0.646
0.417
0.438
0.646
0.562
0.438
0.604
0.354
0.354
0.521
0.417
0.417
0.521
0.438
0.854
0.250
0.354
0.438
0.312
0.479
0.562
0.438
0.750
0.375
0.458
0.396
0.625
0.354
0.771
0.375
0.479
0.604
0.479
0.417
0.583
0.833
0.562
0.454
0.458
0.479
0.521
0.354
0.458
0.479
0.708
0.438
0.521
0.542
0.708
0.375
0.542
0.418
0.173
0.875
0.438
0.562
0.646
0.604
0.417
0.625
0.438
0.375
0.417
0.562
0.667
0.438
0.479
0.604
0.542
0.438
0.417
0.562
0.667
0.625
0.521
0.479
0.521
0.417
0.438
0.417
0.438
0.438
0.500
0.500
0.479
0.646
0.479
0.500
0.417
0.625
0.417
0.521
0.542
0.562
0.438
0.438
0.417
0.729
0.458
0.458
0.583
0.646
0.354
0.500
0.417
0.479
0.479
0.375
0.438
0.479
0.750
0.417
0.604
0.562
0.479
0.771
0.417
0.438
0.500
0.479
0.125
0.708
0.604
0.417
0.458
0.333
0.625
0.417
0.375
0.417
0.333
0.479
0.479
0.500
0.438
0.438
0.562
0.479
0.521
0.708
0.646
0.583
0.479
0.438
0.542
0.438
0.500
0.354
0.646
0.542
0.479
0.375
0.562
0.542
0.458
0.438
0.458
0.417
0.438
0.354
0.354
0.250
0.417
0.604
0.479
0.438
0.479
0.417
0.491
0.500
0.333
0.500
0.562
0.771
0.375
0.792
0.375
0.771
0.500
0.771
0.479
0.438
0.479
0.354
0.562
0.604
0.542
0.417
0.458
0.417
0.458
0.479
0.438
0.375
0.458
0.375
0.417
0.542
0.646
0.542
0.729
0.314
0.438
0.312
0.542
0.667
0.438
0.417
0.458
0.583
0.417
0.417
0.438
0.604
0.812
0.271
0.333
0.604
0.208
0.417
0.604
0.500
0.417
0.417
0.667
0.479
0.521
0.312
0.667
0.417
0.542
0.417
0.396
0.417
0.438
0.458
0.417
0.271
0.458
0.479
0.479
0.417
0.500
0.562
0.667
0.479
0.375
0.521
0.521
0.417
0.521
0.250
0.417
0.438
0.479
0.646
0.375
0.438
0.521
0.354
0.479
0.604
0.417
0.438
0.438
0.312
0.562
0.458
0.417
0.208
0.438
0.479
0.521
0.521
0.438
0.542
0.542
0.438
0.521
0.458
0.583
0.667
0.454
0.708
0.312
0.458
0.375
0.458
0.396
0.479
0.750
0.333
0.417
0.667
0.438
0.792
0.792
0.479
0.708
0.583
0.750
0.458
0.417
0.438
0.417
0.542
0.375
0.521
0.750
0.438
0.500
0.479
0.417
0.438
0.521
0.438
0.500
0.417
0.417
0.333
0.604
0.688
0.729
0.771
0.688
0.458
0.438
0.396
0.438
0.729
0.521
0.417
0.271
0.167
0.646
0.479
0.562
0.479
0.812
0.646
0.562
0.438
0.646
0.438
0.542
0.562
0.604
0.438
0.438
0.396
0.500
0.500
0.688
0.521
0.646
0.479
0.479
0.479
0.667
0.438
0.417
0.646
0.375
0.479
0.771
0.375
0.354
0.458
0.500
0.458
0.438
0.604
0.479
0.646
0.646
0.750
0.479
0.438
0.500
0.438
0.521
0.542
0.438
0.500
0.417
0.771
0.542
0.667
0.438
0.417
0.604
0.417
0.562
0.438
0.771
0.438
0.479
0.438
0.479
0.542
0.438
0.438
0.458
0.438
0.500
0.417
0.521
0.375
0.479
0.417
0.500
0.354
0.417
0.500
0.667
0.583
0.733
0.812
0.479
0.354
0.444
0.938
0.646
0.625
0.458
0.458
0.479
0.354
0.521
0.854
0.604
0.500
0.458
0.500
0.708
0.500
0.604
0.375
0.562
0.173
0.604
0.562
0.750
0.646
0.188
0.542
0.729
0.542
0.208
0.667
0.375
0.438
0.500
0.500
0.708
0.708
0.438
0.479
0.375
0.646
0.479
0.479
0.500
0.479
0.438
0.458
0.479
0.375
0.542
0.354
0.438
0.646
0.208
0.646
0.771
0.417
0.672
0.771
0.625
0.521
0.438
0.417
0.521
0.396
0.271
0.312
0.375
0.750
0.375
0.479
0.625
0.417
0.708
0.646
0.396
0.583
0.354
0.500
0.521
0.479
0.729
0.479
0.604
0.479
0.562
0.146
0.542
0.458
0.625
0.271
0.521
0.458
0.750
0.750
0.479
0.333
0.583
0.438
0.438
0.417
0.417
0.729
0.479
0.438
0.479
0.354
0.417
0.667
0.417
0.354
0.438
0.417
0.396
0.354
0.708
0.479
0.438
0.542
0.417
0.354
0.562
0.479
0.438
0.542
0.750
0.479
0.646
0.521
0.625
0.479
0.417
0.667
0.438
0.354
0.396
0.417
0.438
0.479
0.500
0.771
0.500
0.417
0.375
0.458
0.479
0.438
0.479
0.417
0.500
0.479
0.500
0.438
0.438
0.500
0.479
0.667
0.750
0.438
0.604
0.417
0.479
0.438
0.375
0.417
0.708
0.646
0.479
0.438
0.375
0.729
0.438
0.417
0.417
0.438
0.562
0.479
0.479
0.708
0.479
0.312
0.458
0.438
0.479
0.750
0.750
0.479
0.729
0.417
0.771
0.370
0.521
0.438
0.625
0.708
0.438
0.271
0.438
0.375
0.417
0.479
0.417
0.667
0.417
0.333
0.792
0.438
0.458
0.417
0.438
0.479
0.417
0.375
0.333
0.479
0.729
0.333
0.479
0.729
0.646
0.417
0.479
0.417
0.375
0.458
0.458
0.479
0.625
0.646
0.479
0.417
0.562
0.375
0.438
0.625
0.625
0.500
0.562
0.250
0.438
0.396
0.417
0.688
0.396
0.438
0.604
0.375
0.333
0.500
0.417
0.417
0.479
0.479
0.646
0.417
0.688
0.562
0.458
0.438
0.479
0.458
0.604
0.357
0.438
0.521
0.604
0.208
0.417
0.646
0.792
0.604
0.458
0.396
0.625
0.562
0.417
0.521
0.646
0.375
0.396
0.646
0.521
0.646
0.688
0.417
0.417
0.438
0.354
0.542
0.438
0.604
0.438
0.479
0.417
0.771
0.458
0.479
0.500
0.771
0.458
0.479
0.375
0.438
0.354
0.438
0.375
0.458
0.562
0.438
0.354
0.542
0.438
0.604
0.479
0.354
0.479
0.479
0.500
0.125
0.688
0.500
0.562
0.479
0.479
0.354
0.562
0.521
0.479
0.417
0.375
0.604
0.542
0.479
0.604
0.500
0.562
0.708
0.438
0.625
0.417
0.479
0.500
0.604
0.562
0.417
0.271
0.562
0.438
0.479
0.417
0.417
0.479
0.750
0.750
0.438
0.583
0.396
0.479
0.562
0.479
0.500
0.812
0.604
0.750
0.812
0.375
0.417
0.458
0.646
0.438
0.646
0.479
0.417
0.438
0.604
0.500
0.479
0.271
0.562
0.500
0.604
0.646
0.375
0.625
0.438
0.396
0.417
0.354
0.458
0.333
0.667
0.542
0.562
0.417
0.604
0.646
0.438
0.438
0.500
0.417
0.542
0.417
0.729
0.771
0.625
0.417
0.479
0.438
0.708
0.750
0.354
0.479
0.500
0.562
0.438
0.438
0.271
0.625
0.479
0.438
0.646
0.438
0.604
0.417
0.479
0.417
0.500
0.417
0.521
0.604
0.604
0.417
0.792
0.521
0.479
0.500
0.396
0.417
0.500
0.479
0.438
0.417
0.417
0.667
0.521
0.562
0.375
0.500
0.417
0.542
0.604
0.771
0.438
0.500
0.562
0.771
0.521
0.500
0.354
0.708
0.479
0.417
0.583
0.438
0.521
0.479
0.479
0.583
0.354
0.375
0.438
0.500
0.375
0.438
0.417
0.604
0.208
0.750
0.250
0.417
0.438
0.375
0.271
0.646
0.375
0.750
0.542
0.729
0.708
0.771
0.417
0.604
0.604
0.250
0.417
0.458
0.438
0.125
0.792
0.604
0.438
0.479
0.479
0.500
0.396
0.500
0.500
0.417
0.500
0.417
0.688
0.583
0.417
0.479
0.354
0.479
0.458
0.417
0.417
0.438
0.583
0.500
0.375
0.500
0.396
0.479
0.354
0.354
0.562
0.479
0.479
0.375
0.438
0.375
0.354
0.667
0.531
0.562
0.542
0.417
0.438
0.375
0.604
0.417
0.729
0.417
0.625
0.375
0.479
0.604
0.646
0.479
0.500
0.375
0.729
0.375
0.667
0.542
0.479
0.417
0.458
0.479
0.479
0.188
0.479
0.708
0.521
0.542
0.458
0.458
0.417
0.458
0.417
0.771
0.417
0.500
0.396
0.604
0.479
0.354
0.354
0.354
0.417
0.479
0.354
0.375
0.438
0.438
0.354
0.479
0.417
0.417
0.438
0.458
0.646
0.542
0.708
0.667
0.479
0.167
0.438
0.771
0.667
0.354
0.417
0.708
0.333
0.458
0.729
0.375
0.479
0.771
0.667
0.479
0.438
0.333
0.458
0.604
0.458
0.604
0.708
0.521
0.542
0.479
0.438
0.333
0.479
0.458
0.500
0.562
0.417
0.354
0.479
0.646
0.438
0.458
0.271
0.417
0.854
0.646
0.604
0.438
0.479
0.438
0.500
0.354
0.792
0.479
0.646
0.479
0.667
0.771
0.729
0.542
0.438
0.417
0.542
0.479
0.438
0.542
0.417
0.479
0.542
0.708
0.479
0.417
0.458
0.479
0.375
0.750
0.479
0.438
0.479
0.792
0.438
0.375
0.500
0.479
0.375
0.375
0.417
0.417
0.479
0.542
0.500
0.479
0.438
0.438
0.396
0.396
0.562
0.333
0.438
0.771
0.542
0.396
0.646
0.438
0.417
0.667
0.438
0.479
0.417
0.438
0.458
0.625
0.479
0.208
0.375
0.354
0.500
0.854
0.438
0.438
0.604
0.438
0.417
0.479
0.354
0.542
0.417
0.125
0.583
0.417
0.729
0.479
0.458
0.479
0.438
0.479
0.542
0.396
0.542
0.396
0.438
0.562
0.625
0.354
0.396
0.417
0.417
0.458
0.417
0.500
0.500
0.479
0.438
0.438
0.708
0.458
0.729
0.542
0.271
0.438
0.542
0.729
0.479
0.438
0.354
0.771
0.750
0.479
0.521
0.729
0.625
0.438
0.479
0.490
