0.479
0.708
0.646
0.646
0.708
0.708
0.479
0.708
0.271
0.646
0.458
0.458
0.458
0.375
0.458
0.458
0.458
0.375
0.458
0.458
0.479
0.417
0.479
0.479
0.479
0.479
0.479
0.479
0.479
0.479
0.542
0.542
0.542
0.458
0.542
0.542
0.542
0.542
0.500
0.542
0.438
0.438
0.438
0.438
0.438
0.438
0.438
0.438
0.438
0.542
0.771
0.375
0.771
0.771
0.771
0.375
0.375
0.771
0.375
0.396
0.375
0.375
0.375
0.375
0.375
0.375
0.375
0.375
0.375
0.375
0.458
0.458
0.458
0.458
0.458
0.458
0.458
0.458
0.458
0.458
0.438
0.438
0.646
0.438
0.438
0.438
0.438
0.438
0.438
0.438
0.479
0.479
0.479
0.479
0.479
0.479
0.479
0.479
0.354
0.479
0.479
0.521
0.521
0.458
0.521
0.521
0.479
0.458
0.521
0.479
0.417
0.417
0.417
0.458
0.417
0.479
0.479
0.333
0.417
0.417
0.604
0.604
0.604
0.604
0.562
0.604
0.479
0.667
0.604
0.604
0.417
0.708
0.750
0.750
0.750
0.708
0.708
0.708
0.708
0.417
0.500
0.500
0.500
0.500
0.500
0.500
0.500
0.479
0.500
0.500
0.438
0.438
0.396
0.438
0.854
0.438
0.438
0.854
0.438
0.438
0.438
0.458
0.438
0.438
0.500
0.458
0.458
0.458
0.458
0.438
0.417
0.417
0.417
0.417
0.417
0.417
0.417
0.479
0.438
0.417
0.438
0.521
0.438
0.438
0.438
0.438
0.438
0.500
0.438
0.354
0.562
0.354
0.562
0.521
0.521
0.354
0.354
0.354
0.354
0.562
0.500
0.500
0.500
0.771
0.583
0.500
0.500
0.771
0.500
0.479
0.438
0.438
0.438
0.438
0.438
0.438
0.438
0.438
0.438
0.438
0.583
0.583
0.583
0.583
0.458
0.583
0.583
0.583
0.583
0.583
0.479
0.479
0.479
0.750
0.479
0.479
0.479
0.479
0.479
0.479
0.438
0.438
0.438
0.438
0.438
0.438
0.438
0.438
0.438
0.438
0.125
0.438
0.438
0.438
0.438
0.438
0.438
0.438
0.438
0.125
0.625
0.646
0.625
0.625
0.646
0.646
0.646
0.646
0.521
0.625
0.729
0.729
0.667
0.729
0.708
0.729
0.729
0.708
0.667
0.667
0.438
0.438
0.438
0.438
0.438
0.479
0.438
0.333
0.479
0.438
0.438
0.438
0.479
0.479
0.479
0.479
0.438
0.375
0.479
0.438
0.438
0.438
0.438
0.417
0.438
0.438
0.417
0.438
0.438
0.417
0.438
0.417
0.417
0.354
0.417
0.417
0.417
0.604
0.562
0.438
0.479
0.479
0.479
0.479
0.479
0.708
0.479
0.708
0.479
0.479
0.417
0.417
0.500
0.417
0.417
0.417
0.417
0.417
0.417
0.500
0.375
0.375
0.375
0.375
0.375
0.375
0.375
0.375
0.375
0.479
0.479
0.479
0.438
0.479
0.479
0.479
0.479
0.479
0.479
0.479
0.354
0.354
0.354
0.354
0.354
0.354
0.354
0.354
0.354
0.354
0.438
0.438
0.438
0.500
0.438
0.438
0.438
0.438
0.438
0.438
0.438
0.583
0.667
0.583
0.438
0.708
0.438
0.583
0.583
0.438
0.562
0.562
0.562
0.562
0.562
0.562
0.562
0.562
0.562
0.562
0.521
0.521
0.521
0.521
0.521
0.521
0.521
0.458
0.458
0.521
0.458
0.458
0.458
0.458
0.458
0.458
0.458
0.458
0.417
0.458
0.458
0.458
0.458
0.458
0.458
0.458
0.458
0.458
0.458
0.458
0.417
0.417
0.417
0.417
0.417
0.417
0.417
0.417
0.417
0.417
0.542
0.542
0.542
0.542
0.542
0.542
0.542
0.542
0.438
0.542
0.438
0.521
0.438
0.438
0.521
0.521
0.500
0.500
0.521
0.438
0.417
0.417
0.417
0.417
0.417
0.417
0.417
0.417
0.417
0.417
0.500
0.500
0.500
0.438
0.500
0.375
0.500
0.417
0.500
0.500
0.438
0.458
0.438
0.438
0.458
0.458
0.458
0.458
0.458
0.438
0.438
0.438
0.438
0.438
0.438
0.438
0.438
0.479
0.438
0.438
