0.438
0.562
0.354
0.375
0.458
0.333
0.604
0.479
0.521
0.479
0.458
0.375
0.438
0.414
0.479
0.375
0.625
0.375
0.438
0.479
0.438
0.438
0.479
0.479
0.479
0.396
0.542
0.289
0.438
0.438
0.479
0.521
0.542
0.396
0.375
0.479
0.604
0.438
0.604
0.583
0.458
0.417
0.542
0.500
0.604
0.598
0.500
0.375
0.438
0.479
0.458
0.543
0.438
0.479
0.438
0.375
0.542
0.479
0.479
0.292
0.479
0.354
0.479
0.500
0.438
0.417
0.479
0.479
0.438
0.438
0.500
0.438
0.479
0.458
0.479
0.479
0.625
0.479
0.333
0.479
0.604
0.479
0.542
0.438
0.458
0.438
0.521
0.667
0.375
0.417
0.375
0.438
0.375
0.521
0.604
0.438
0.750
0.458
0.750
0.542
0.500
0.479
0.479
0.500
0.479
0.479
0.250
0.604
0.521
0.458
0.479
0.354
0.479
0.542
0.396
0.479
0.438
0.729
0.479
0.438
0.438
0.438
0.438
0.375
0.708
0.375
0.354
0.729
0.438
0.667
0.542
0.354
0.458
0.500
0.438
0.438
0.500
0.438
0.542
0.479
0.500
0.604
0.479
0.542
0.604
0.673
0.646
0.438
0.542
0.583
0.479
0.438
0.479
0.479
0.438
0.479
0.479
0.500
0.500
0.438
0.458
0.250
0.479
0.438
0.438
0.438
0.479
0.479
0.578
0.375
0.479
0.458
0.667
0.500
0.688
0.375
0.479
0.417
0.375
0.417
0.479
0.250
0.354
0.375
0.521
0.542
0.479
0.542
0.438
0.438
0.792
0.729
0.458
0.417
0.479
0.542
0.458
0.438
0.396
0.458
0.479
0.438
0.667
0.812
0.625
0.375
0.458
0.542
0.521
0.667
0.542
0.479
0.479
0.479
0.458
0.479
0.542
0.458
0.479
0.458
0.479
0.438
0.438
0.479
0.479
0.479
0.604
0.562
0.333
0.479
0.500
0.729
0.604
0.479
0.438
0.604
0.604
0.521
0.375
0.375
0.583
0.479
0.438
0.500
0.688
0.375
0.479
0.646
0.479
0.500
0.479
0.604
0.458
0.458
0.479
0.479
0.375
0.521
0.583
0.667
0.562
0.479
0.375
0.667
0.792
0.396
0.438
0.479
0.438
0.583
0.375
0.375
0.479
0.542
0.542
0.396
0.479
0.375
0.521
0.542
0.542
0.438
0.333
0.375
0.479
0.375
0.333
0.542
0.479
0.521
0.479
0.396
0.667
0.625
0.354
0.479
0.479
0.604
0.479
0.500
0.458
0.479
0.521
0.375
0.542
0.438
0.417
0.354
0.583
0.708
0.396
0.375
0.458
0.562
0.479
0.583
0.417
0.479
0.604
0.520
0.354
0.438
0.479
0.583
0.438
0.479
0.375
0.479
0.167
0.438
0.417
0.667
0.375
0.438
0.438
0.479
0.604
0.458
0.604
0.542
0.375
0.438
0.479
0.479
0.667
0.458
0.375
0.479
0.521
0.479
0.438
0.479
0.458
0.583
0.667
0.375
0.417
0.479
0.438
0.375
0.438
0.792
0.479
0.458
0.438
0.479
0.479
0.688
0.333
0.542
0.375
0.438
0.604
0.479
0.521
0.479
0.604
0.542
0.479
0.438
0.521
0.458
0.417
0.604
0.542
0.479
0.417
0.479
0.479
0.375
0.458
0.417
0.542
0.250
0.375
0.479
0.438
0.521
0.479
0.375
0.479
0.438
0.479
0.438
0.479
0.417
0.250
0.396
0.479
0.521
0.438
0.521
0.500
0.500
0.479
0.458
0.562
0.438
0.479
0.375
0.417
0.646
0.396
0.396
0.479
0.438
0.479
0.500
0.438
0.479
0.667
0.562
0.479
0.438
0.604
0.417
0.583
0.667
0.604
0.438
0.375
0.479
0.438
0.542
0.479
0.479
0.458
0.458
0.479
0.625
0.583
0.479
0.667
0.417
0.417
0.646
0.438
0.396
0.646
0.500
0.479
0.500
0.479
0.438
0.479
0.438
0.479
0.625
0.479
0.417
0.479
0.375
0.182
0.458
0.479
0.521
0.479
0.604
0.479
0.604
0.438
0.458
0.479
0.542
0.542
0.646
0.396
0.438
0.479
0.604
0.542
0.479
0.583
0.479
0.438
0.542
0.500
0.417
0.438
0.542
0.479
0.479
0.479
0.479
0.604
0.479
0.479
0.417
0.562
0.479
0.521
0.479
0.479
0.438
0.417
0.396
0.521
0.375
0.521
0.542
0.750
0.375
0.375
0.438
0.479
0.417
0.375
0.562
0.479
0.250
0.375
0.479
0.375
0.375
0.375
0.500
0.646
0.521
0.375
0.543
0.562
0.479
0.438
0.479
0.500
0.417
0.479
0.479
0.521
0.479
0.250
0.438
0.500
0.289
0.438
0.479
0.438
0.438
0.479
0.542
0.438
0.479
0.458
0.354
0.458
0.458
0.292
0.542
0.479
0.542
0.583
0.500
0.354
0.583
0.354
0.417
0.542
0.417
0.438
0.604
0.598
0.375
0.458
0.438
0.667
0.729
0.562
0.667
0.458
0.438
0.479
0.479
0.604
0.417
0.375
0.375
0.667
0.458
0.698
0.375
0.583
0.458
0.479
0.479
0.479
0.521
0.167
0.375
0.375
0.417
0.438
0.438
0.375
0.521
0.375
0.458
0.375
0.578
0.417
0.396
0.479
0.096
0.479
0.479
0.542
0.417
0.438
0.438
0.458
0.667
0.417
0.479
0.375
0.562
0.708
0.333
0.417
0.438
0.521
0.479
0.188
0.438
0.458
0.479
0.479
0.562
0.708
0.438
0.479
0.479
0.438
0.479
0.417
0.438
0.479
0.458
0.479
0.542
0.417
0.521
0.479
0.542
0.542
0.438
0.250
0.458
0.438
0.375
0.479
0.598
0.646
0.417
0.479
0.375
0.375
0.458
0.500
0.396
0.458
0.438
0.438
0.792
0.542
0.667
0.521
0.479
0.479
0.479
0.729
0.438
0.438
0.500
0.417
0.479
0.521
0.417
0.479
0.646
0.417
0.479
0.417
0.500
0.254
0.438
0.542
0.562
0.479
0.438
0.543
0.625
0.479
0.417
0.521
0.438
0.375
0.438
0.375
0.375
0.542
0.458
0.479
0.479
0.604
0.438
0.667
0.479
0.188
0.625
0.458
0.604
0.479
0.521
0.667
0.479
0.604
0.458
0.438
0.542
0.375
0.479
0.583
0.438
0.667
0.375
0.438
0.604
0.479
0.500
0.417
0.438
0.458
0.479
0.542
0.354
0.438
0.458
0.438
0.604
0.479
0.604
0.479
0.750
0.375
0.479
0.521
0.438
0.562
0.562
0.542
0.375
0.479
0.479
0.479
0.583
0.438
0.521
0.417
0.479
0.708
0.375
0.479
0.417
0.479
0.542
0.479
0.688
0.479
0.479
0.438
0.479
0.604
0.375
0.500
0.438
0.396
0.417
0.314
0.417
0.438
0.521
0.521
0.562
0.438
0.479
0.521
0.375
0.292
0.625
0.375
0.375
0.396
0.479
0.479
0.688
0.479
0.542
0.438
0.479
0.479
0.292
0.479
0.542
0.500
0.479
0.604
0.562
0.479
0.438
0.438
0.542
0.479
0.667
0.583
0.583
0.500
0.604
0.604
0.479
0.479
0.296
0.479
0.375
0.479
0.604
0.479
0.667
0.438
0.396
0.667
0.521
0.438
0.479
0.396
0.188
0.458
0.438
0.438
0.458
0.479
0.396
0.542
0.438
0.438
0.375
0.375
0.479
0.542
0.396
0.479
0.479
0.438
0.500
0.479
0.604
0.438
0.521
0.438
0.479
0.521
0.250
0.417
0.375
0.479
0.375
0.583
0.438
0.333
0.438
0.479
0.542
0.583
0.625
0.542
0.417
0.438
0.458
0.458
0.458
0.458
0.562
0.479
0.167
0.604
0.667
0.542
0.479
0.500
0.479
0.542
0.542
0.292
0.438
0.479
0.396
0.375
0.375
0.750
0.438
0.479
0.479
0.521
0.479
0.417
0.500
0.583
0.479
0.479
0.667
0.500
0.458
0.543
0.667
0.458
0.479
0.646
0.479
0.479
0.417
0.438
0.667
0.438
0.458
0.458
0.458
0.500
0.479
0.438
0.479
0.698
0.438
0.438
0.458
0.625
0.479
0.479
0.438
0.458
0.500
0.438
0.521
0.375
0.562
0.583
0.438
0.458
0.646
0.458
0.417
0.598
0.458
0.604
0.542
0.479
0.562
0.542
0.562
0.479
0.479
0.438
0.479
0.479
0.521
0.438
0.333
0.625
0.479
0.520
0.604
0.479
0.479
0.542
0.667
0.375
0.438
0.479
0.479
0.375
0.667
0.438
0.375
0.479
0.438
0.479
0.438
0.373
0.396
0.479
0.375
0.396
0.479
0.479
0.438
0.479
0.479
0.479
0.375
0.375
0.438
0.458
0.396
0.438
0.604
0.479
0.479
0.500
0.625
0.479
0.479
0.458
0.438
0.396
0.479
0.375
0.583
0.479
0.521
0.604
0.479
0.438
0.438
0.375
0.625
0.292
0.438
0.438
0.479
0.375
0.438
0.479
0.458
0.396
0.438
0.479
0.479
0.479
0.667
0.479
0.479
0.438
0.479
0.479
0.521
0.396
0.604
0.417
0.500
0.500
0.417
0.375
0.521
0.438
0.542
0.479
0.479
0.375
0.521
0.188
0.375
0.417
0.417
0.417
0.438
0.667
0.479
0.438
0.792
0.583
0.812
0.521
0.438
0.667
0.646
0.521
0.438
0.750
0.375
0.479
0.604
0.729
0.646
0.479
0.479
0.438
0.479
0.438
0.458
0.458
0.688
0.458
0.438
0.479
0.479
0.479
0.625
0.479
0.354
0.479
0.542
0.438
0.354
0.479
0.458
0.688
0.542
0.542
0.708
0.500
0.667
0.479
0.375
0.479
0.479
0.479
0.667
0.845
0.458
0.458
0.438
0.458
0.604
0.479
0.708
0.438
0.479
0.375
0.604
0.208
0.542
0.479
0.542
0.521
0.479
0.729
0.521
0.438
0.604
0.396
0.354
0.521
0.521
0.708
0.375
0.750
0.667
0.520
0.417
0.417
0.354
0.438
0.229
0.479
0.479
0.458
0.417
0.667
0.667
0.458
0.417
0.479
0.521
0.417
0.396
0.479
0.604
0.375
0.479
0.438
0.438
0.500
0.500
0.417
0.292
0.438
0.542
0.375
0.500
0.438
0.479
0.438
0.500
0.479
0.542
0.438
0.479
0.479
0.417
0.458
0.375
0.479
0.375
0.458
0.312
0.479
0.604
0.417
0.479
0.479
0.375
0.667
0.479
0.750
0.438
0.604
0.562
0.375
0.438
0.438
0.479
0.167
0.583
0.479
0.396
0.521
0.750
0.438
0.375
0.521
0.667
0.396
0.479
0.396
0.458
0.625
0.542
0.521
0.417
0.438
0.396
0.458
0.438
0.646
0.417
0.354
0.479
0.479
0.479
0.417
0.604
0.479
0.562
0.604
0.521
0.438
0.438
0.604
0.458
0.438
0.479
0.479
0.438
0.292
0.458
0.500
0.417
0.604
0.667
0.479
0.667
0.438
0.438
0.396
0.438
0.542
0.479
0.521
0.438
0.479
0.438
0.438
0.479
0.479
0.625
0.542
0.625
0.500
0.479
0.479
0.438
0.479
0.479
0.333
0.479
0.479
0.417
0.521
0.292
0.667
0.417
0.500
0.479
0.583
0.479
0.438
0.479
0.479
0.479
0.479
0.417
0.375
0.479
0.521
0.562
0.479
0.479
0.688
0.479
0.542
0.396
0.479
0.458
0.438
0.500
0.500
0.479
0.604
0.479
0.521
0.479
0.521
0.500
0.396
0.438
0.479
0.479
0.333
0.479
0.375
0.375
0.333
0.542
0.417
0.479
0.354
0.438
0.479
0.604
0.417
0.375
0.479
0.438
0.375
0.438
0.479
0.417
0.375
0.479
0.438
0.375
0.375
0.438
0.417
0.458
0.458
0.562
0.479
0.458
0.375
0.479
0.438
0.417
0.250
0.667
0.500
0.667
0.667
0.438
0.517
0.458
0.521
0.438
0.688
0.438
0.438
0.574
0.438
0.479
0.438
0.354
0.375
0.479
0.396
0.354
0.292
0.500
0.562
0.521
0.438
0.479
0.479
0.458
0.667
0.375
0.375
0.500
0.375
0.521
0.458
0.583
0.417
0.521
0.479
0.438
0.542
0.417
0.521
0.667
0.417
0.479
0.708
0.500
0.604
0.521
0.542
0.438
0.729
0.479
0.396
0.479
0.479
0.542
0.375
0.417
0.458
0.479
0.438
0.417
0.479
0.500
0.479
0.458
0.479
0.458
0.479
0.479
0.479
0.479
0.500
0.500
0.479
0.438
0.479
0.646
0.458
0.479
0.646
0.479
0.375
0.438
0.521
0.438
0.438
0.438
0.375
0.479
0.375
0.448
0.542
0.458
0.667
0.438
0.542
0.479
0.438
0.438
0.479
0.708
0.479
0.417
0.521
0.375
0.438
0.438
0.667
0.542
0.479
0.521
0.458
0.667
0.417
0.479
0.396
0.438
0.604
0.271
0.542
0.479
0.167
0.750
0.812
0.604
0.521
0.479
0.417
0.438
0.375
0.396
0.479
0.438
0.438
0.521
0.521
0.375
0.375
0.479
0.667
0.354
0.500
0.458
0.562
0.667
0.521
0.562
0.417
0.521
0.479
0.375
0.542
0.438
0.438
0.292
0.375
0.438
0.667
0.521
0.479
0.438
0.250
0.438
0.604
0.250
0.479
0.479
0.354
0.500
0.438
0.479
0.438
0.500
0.438
0.479
0.479
0.521
0.667
0.438
0.438
0.458
0.292
0.479
0.458
0.604
0.479
0.438
0.438
0.438
0.375
0.479
0.604
0.479
0.479
0.479
0.375
0.542
0.417
0.458
0.521
0.479
0.542
0.479
0.479
0.521
0.479
0.646
0.625
0.438
0.479
0.438
0.542
0.458
0.479
0.667
0.417
0.438
0.729
0.583
0.458
0.354
0.458
0.708
0.438
0.500
0.562
0.479
0.438
0.479
0.375
0.562
0.521
0.667
0.479
0.438
0.479
0.479
0.521
0.438
0.438
0.479
0.438
0.479
0.729
0.479
0.604
0.375
0.438
0.583
0.458
0.729
0.417
0.438
0.500
0.438
0.438
0.417
0.500
0.708
0.375
0.500
0.479
0.438
