0.438
0.500
0.333
0.333
0.333
0.333
0.479
0.479
0.500
0.438
0.604
0.438
0.438
0.417
0.479
0.562
0.792
0.542
0.438
0.479
0.438
0.438
0.479
0.479
0.521
0.396
0.542
0.604
0.646
0.250
0.479
0.542
0.542
0.438
0.479
0.646
0.792
0.438
0.542
0.417
0.458
0.375
0.708
0.583
0.604
0.438
0.646
0.479
0.438
0.479
0.792
0.500
0.438
0.479
0.479
0.417
0.542
0.479
0.479
0.438
0.479
0.479
0.479
0.646
0.438
0.542
0.479
0.646
0.417
0.438
0.438
0.438
0.750
0.458
0.479
0.479
0.792
0.604
0.333
0.479
0.521
0.479
0.417
0.438
0.458
0.479
0.500
0.438
0.375
0.417
0.479
0.438
0.375
0.604
0.729
0.438
0.750
0.604
0.750
0.542
0.604
0.479
0.479
0.438
0.479
0.479
0.479
0.542
0.500
0.438
0.500
0.375
0.479
0.542
0.479
0.479
0.438
0.500
0.479
0.438
0.438
0.438
0.438
0.438
0.375
0.479
0.479
0.729
0.458
0.438
0.542
0.479
0.562
0.604
0.438
0.438
0.562
0.542
0.542
0.375
0.562
0.521
0.479
0.542
0.542
0.417
0.562
0.438
0.542
0.375
0.479
0.438
0.479
0.438
0.438
0.333
0.479
0.375
0.458
0.521
0.562
0.646
0.479
0.438
0.479
0.438
0.479
0.375
0.354
0.333
0.479
0.479
0.646
0.500
0.438
0.438
0.479
0.417
0.438
0.417
0.646
0.250
0.229
0.542
0.438
0.542
0.479
0.542
0.438
0.438
0.792
0.438
0.562
0.375
0.479
0.542
0.583
0.438
0.542
0.521
0.583
0.396
0.438
0.479
0.542
0.417
0.458
0.375
0.521
0.667
0.417
0.500
0.479
0.292
0.458
0.479
0.542
0.333
0.479
0.417
0.479
0.438
0.438
0.479
0.521
0.479
0.542
0.562
0.521
0.479
0.646
0.417
0.333
0.500
0.438
0.521
0.562
0.646
0.375
0.542
0.500
0.479
0.500
0.604
0.604
0.333
0.479
0.646
0.479
0.438
0.479
0.438
0.458
0.438
0.479
0.479
0.542
0.438
0.583
0.667
0.729
0.479
0.333
0.646
0.792
0.396
0.438
0.375
0.438
0.542
0.438
0.750
0.479
0.542
0.417
0.396
0.479
0.604
0.500
0.542
0.375
0.438
0.500
0.479
0.479
0.583
0.375
0.542
0.479
0.500
0.521
0.458
0.667
0.583
0.500
0.479
0.479
0.542
0.417
0.583
0.417
0.438
0.438
0.500
0.542
0.438
0.521
0.441
0.417
0.708
0.341
0.479
0.458
0.479
0.479
0.792
0.417
0.396
0.500
0.708
0.542
0.438
0.396
0.333
0.438
0.479
0.396
0.479
0.479
0.438
0.438
0.468
0.583
0.438
0.438
0.500
0.542
0.458
0.604
0.542
0.396
0.438
0.479
0.479
0.542
0.458
0.479
0.479
0.500
0.604
0.438
0.438
0.458
0.333
0.542
0.625
0.375
0.333
0.417
0.562
0.500
0.792
0.479
0.479
0.438
0.479
0.438
0.604
0.542
0.688
0.438
0.438
0.479
0.438
0.521
0.146
0.542
0.542
0.479
0.479
0.500
0.458
0.417
0.521
0.542
0.479
0.354
0.479
0.438
0.521
0.521
0.417
0.542
0.479
0.562
0.521
0.438
0.521
0.479
0.438
0.479
0.438
0.479
0.438
0.479
0.417
0.479
0.396
0.479
0.479
0.479
0.500
0.583
0.438
0.479
0.458
0.458
0.438
0.646
0.375
0.354
0.729
0.396
0.396
0.500
0.479
0.479
0.583
0.438
0.646
0.500
0.375
0.479
0.438
0.468
0.542
0.625
0.667
0.521
0.438
0.417
0.479
0.438
0.542
0.479
0.438
0.354
0.500
0.479
0.458
0.417
0.667
0.438
0.458
0.417
0.646
0.438
0.479
0.646
0.500
0.479
0.562
0.479
0.438
0.750
0.438
0.292
0.792
0.750
0.417
0.500
0.479
0.521
0.458
0.292
0.792
0.479
0.542
0.479
0.542
0.562
0.562
0.479
0.542
0.417
0.646
0.479
0.438
0.521
0.542
0.417
0.375
0.479
0.479
0.438
0.417
0.646
0.729
0.438
0.542
0.479
0.479
0.438
0.500
0.604
0.479
0.479
0.417
0.542
0.479
0.479
0.688
0.688
0.542
0.875
0.438
0.500
0.542
0.500
0.542
0.521
0.333
0.375
0.438
0.479
0.417
0.438
0.646
0.479
0.250
0.417
0.146
0.479
0.625
0.867
0.438
0.458
0.521
0.479
0.500
0.458
0.479
0.438
0.479
0.542
0.417
0.500
0.479
0.625
0.479
0.479
0.438
0.438
0.708
0.438
0.479
0.438
0.438
0.438
0.542
0.521
0.479
0.458
0.479
0.479
0.479
0.375
0.542
0.479
0.542
0.542
0.764
0.333
0.583
0.542
0.417
0.375
0.354
0.438
0.542
0.542
0.438
0.500
0.438
0.438
0.458
0.562
0.542
0.417
0.438
0.479
0.479
0.542
0.417
0.396
0.521
0.438
0.458
0.438
0.479
0.417
0.458
0.500
0.438
0.479
0.438
0.479
0.479
0.542
0.417
0.438
0.604
0.438
0.500
0.479
0.458
0.521
0.354
0.417
0.438
0.479
0.096
0.292
0.479
0.604
0.417
0.438
0.438
0.458
0.542
0.750
0.333
0.479
0.562
0.417
0.458
0.438
0.438
0.521
0.479
0.438
0.438
0.458
0.396
0.479
0.562
0.417
0.438
0.479
0.479
0.438
0.438
0.417
0.438
0.292
0.521
0.312
0.417
0.312
0.438
0.438
0.542
0.458
0.438
0.438
0.333
0.438
0.396
0.479
0.542
0.646
0.354
0.438
0.333
0.417
0.500
0.438
0.542
0.604
0.438
0.438
0.354
0.542
0.468
0.625
0.667
0.479
0.500
0.312
0.438
0.438
0.500
0.417
0.479
0.729
0.417
0.479
0.500
0.375
0.604
0.417
0.438
0.254
0.438
0.375
0.562
0.479
0.438
0.500
0.542
0.667
0.521
0.500
0.438
0.396
0.438
0.542
0.500
0.417
0.500
0.479
0.479
0.604
0.479
0.438
0.479
0.438
0.792
0.458
0.521
0.479
0.604
0.438
0.521
0.438
0.438
0.438
0.458
0.375
0.479
0.667
0.438
0.604
0.438
0.438
0.479
0.479
0.438
0.417
0.438
0.479
0.479
0.542
0.479
0.438
0.458
0.438
0.479
0.479
0.521
0.583
0.583
0.438
0.479
0.542
0.438
0.438
0.562
0.542
0.417
0.375
0.479
0.438
0.625
0.438
0.521
0.417
0.521
0.458
0.375
0.333
0.542
0.417
0.542
0.479
0.479
0.521
0.479
0.521
0.438
0.542
0.479
0.500
0.438
0.438
0.417
0.458
0.417
0.438
0.542
0.542
0.562
0.438
0.479
0.458
0.729
0.542
0.542
0.375
0.438
0.396
0.292
0.438
0.688
0.479
0.417
0.438
0.479
0.479
0.646
0.479
0.417
0.562
0.479
0.542
0.396
0.479
0.438
0.438
0.604
0.500
0.667
0.583
0.583
0.604
0.583
0.542
0.479
0.479
0.296
0.479
0.562
0.479
0.521
0.479
0.438
0.438
0.375
0.542
0.438
0.438
0.417
0.438
0.438
0.458
0.438
0.438
0.583
0.375
0.604
0.417
0.438
0.438
0.479
0.604
0.479
0.468
0.375
0.479
0.417
0.438
0.500
0.521
0.479
0.521
0.417
0.438
0.375
0.542
0.479
0.417
0.417
0.479
0.417
0.583
0.438
0.417
0.438
0.479
0.479
0.542
0.583
0.542
0.438
0.458
0.333
0.417
0.500
0.458
0.521
0.479
0.479
0.562
0.667
0.542
0.479
0.458
0.500
0.542
0.542
0.646
0.438
0.479
0.458
0.542
0.312
0.521
0.438
0.479
0.479
0.500
0.479
0.542
0.583
0.562
0.396
0.479
0.667
0.438
0.458
0.500
0.438
0.500
0.479
0.458
0.438
0.479
0.375
0.438
0.667
0.438
0.417
0.458
0.438
0.312
0.479
0.521
0.521
0.542
0.438
0.438
0.417
0.458
0.479
0.375
0.438
0.479
0.271
0.438
0.771
0.417
0.562
0.521
0.438
0.604
0.562
0.458
0.417
0.438
0.604
0.396
0.542
0.479
0.562
0.375
0.479
0.479
0.479
0.438
0.479
0.479
0.729
0.708
0.604
0.500
0.479
0.458
0.604
0.479
0.417
0.708
0.438
0.479
0.438
0.479
0.667
0.375
0.542
0.438
0.479
0.479
0.438
0.479
0.438
0.729
0.542
0.542
0.438
0.438
0.479
0.479
0.438
0.458
0.354
0.438
0.479
0.468
0.438
0.458
0.375
0.479
0.542
0.479
0.479
0.562
0.500
0.479
0.479
0.562
0.438
0.646
0.479
0.479
0.542
0.479
0.542
0.521
0.500
0.438
0.438
0.438
0.708
0.292
0.438
0.438
0.375
0.417
0.438
0.479
0.438
0.729
0.438
0.292
0.479
0.438
0.688
0.479
0.479
0.438
0.521
0.479
0.521
0.396
0.562
0.553
0.375
0.500
0.417
0.312
0.521
0.438
0.542
0.479
0.479
0.333
0.438
0.438
0.479
0.417
0.417
0.417
0.479
0.438
0.479
0.458
0.792
0.583
0.479
0.542
0.458
0.438
0.646
0.542
0.438
0.750
0.479
0.479
0.542
0.438
0.458
0.438
0.479
0.438
0.479
0.438
0.458
0.479
0.688
0.417
0.438
0.479
0.458
0.521
0.521
0.500
0.479
0.479
0.354
0.438
0.479
0.479
0.458
0.604
0.542
0.417
0.417
0.375
0.542
0.396
0.396
0.479
0.479
0.479
0.438
0.292
0.604
0.417
0.438
0.542
0.542
0.479
0.458
0.438
0.479
0.500
0.604
0.417
0.542
0.479
0.542
0.521
0.479
0.396
0.625
0.479
0.542
0.341
0.479
0.500
0.542
0.417
0.375
0.458
0.667
0.562
0.438
0.417
0.438
0.438
0.625
0.521
0.479
0.521
0.417
0.438
0.438
0.458
0.417
0.479
0.438
0.417
0.542
0.479
0.479
0.750
0.479
0.354
0.500
0.521
0.375
0.458
0.417
0.438
0.542
0.542
0.458
0.438
0.479
0.438
0.438
0.229
0.625
0.438
0.479
0.479
0.417
0.458
0.375
0.479
0.438
0.458
0.458
0.479
0.438
0.417
0.479
0.500
0.438
0.438
0.479
0.500
0.479
0.479
0.562
0.479
0.438
0.438
0.479
0.479
0.542
0.479
0.417
0.604
0.750
0.438
0.479
0.542
0.667
0.458
0.604
0.542
0.562
0.583
0.417
0.542
0.354
0.438
0.396
0.458
0.438
0.646
0.417
0.354
0.479
0.479
0.479
0.375
0.271
0.479
0.562
0.604
0.625
0.438
0.438
0.479
0.458
0.438
0.479
0.479
0.521
0.458
0.479
0.500
0.458
0.604
0.417
0.479
0.667
0.479
0.438
0.458
0.438
0.542
0.479
0.438
0.438
0.250
0.438
0.438
0.479
0.500
0.792
0.542
0.500
0.438
0.375
0.438
0.479
0.708
0.479
0.417
0.479
0.438
0.441
0.542
0.375
0.667
0.708
0.521
0.479
0.417
0.438
0.521
0.479
0.479
0.479
0.479
0.521
0.417
0.396
0.458
0.417
0.479
0.479
0.688
0.479
0.375
0.438
0.479
0.458
0.438
0.438
0.542
0.479
0.479
0.479
0.792
0.479
0.500
0.542
0.292
0.438
0.479
0.479
0.542
0.417
0.500
0.562
0.458
0.375
0.542
0.479
0.562
0.438
0.625
0.479
0.438
0.438
0.521
0.438
0.375
0.438
0.458
0.417
0.375
0.479
0.438
0.625
0.438
0.438
0.521
0.458
0.438
0.458
0.479
0.458
0.750
0.417
0.438
0.417
0.479
0.438
0.562
0.417
0.438
0.438
0.438
0.500
0.792
0.438
0.708
0.438
0.396
0.574
0.438
0.438
0.521
0.438
0.604
0.292
0.583
0.708
0.417
0.500
0.438
0.438
0.438
0.479
0.479
0.479
0.542
0.438
0.333
0.438
0.375
0.479
0.458
0.583
0.542
0.542
0.438
0.438
0.542
0.375
0.500
0.438
0.417
0.479
0.458
0.438
0.500
0.500
0.542
0.521
0.417
0.479
0.521
0.479
0.458
0.542
0.417
0.417
0.458
0.479
0.438
0.667
0.396
0.458
0.479
0.417
0.542
0.458
0.479
0.479
0.312
0.479
0.396
0.583
0.479
0.438
0.146
0.542
0.438
0.479
0.583
0.375
0.479
0.438
0.625
0.438
0.438
0.438
0.417
0.479
0.479
0.448
0.542
0.458
0.667
0.438
0.468
0.479
0.438
0.438
0.750
0.375
0.479
0.417
0.521
0.562
0.417
0.438
0.646
0.708
0.479
0.500
0.458
0.417
0.125
0.479
0.396
0.521
0.333
0.271
0.542
0.333
0.479
0.750
0.479
0.479
0.500
0.479
0.417
0.438
0.375
0.396
0.396
0.438
0.438
0.521
0.417
0.542
0.542
0.479
0.438
0.354
0.542
0.562
0.479
0.417
0.521
0.479
0.417
0.521
0.479
0.583
0.375
0.479
0.438
0.375
0.479
0.438
0.438
0.500
0.542
0.438
0.500
0.438
0.542
0.250
0.438
0.479
0.750
0.771
0.500
0.479
0.296
0.500
0.438
0.521
0.479
0.500
0.438
0.438
0.500
0.333
0.292
0.479
0.312
0.479
0.479
0.438
0.438
0.438
0.750
0.479
0.604
0.479
0.792
0.396
0.562
0.468
0.417
0.438
0.500
0.479
0.417
0.479
0.479
0.500
0.479
0.646
0.625
0.438
0.479
0.438
0.542
0.562
0.479
0.417
0.542
0.271
0.354
0.417
0.583
0.604
0.458
0.417
0.438
0.396
0.562
0.479
0.438
0.396
0.479
0.562
0.521
0.729
0.479
0.438
0.479
0.479
0.562
0.438
0.438
0.479
0.438
0.479
0.708
0.688
0.729
0.521
0.438
0.583
0.458
0.729
0.479
0.438
0.438
0.771
0.521
0.542
0.438
0.458
0.542
0.604
0.500
0.438
