0.848
0.848
0.848
0.848
0.848
0.848
0.848
0.848
0.848
0.848
-1
-1
-1
-1
-1
-1
-1
-1
-1
-1
0.469
0.469
0.469
0.469
0.469
0.469
0.469
0.469
0.469
0.469
0.652
0.652
0.652
0.652
0.652
0.652
0.652
0.652
0.652
0.652
-1
-1
-1
-1
-1
-1
-1
-1
-1
-1
-1
-1
-1
-1
-1
-1
-1
-1
-1
-1
-1
-1
-1
-1
-1
-1
-1
-1
-1
-1
-1
-1
-1
-1
-1
-1
-1
-1
-1
-1
-1
-1
-1
-1
-1
-1
-1
-1
-1
-1
-1
-1
-1
-1
-1
-1
-1
-1
-1
-1
0.684
0.684
0.684
0.684
0.684
0.684
0.684
0.684
0.684
0.684
0.896
0.896
0.896
0.896
0.896
0.896
0.896
0.896
0.896
0.896
-1
-1
-1
-1
-1
-1
-1
-1
-1
-1
0.226
0.226
0.226
0.226
0.226
0.226
0.226
0.226
0.226
0.226
-1
-1
-1
-1
-1
-1
-1
-1
-1
-1
0.652
0.652
0.652
0.652
0.652
0.652
0.652
0.652
0.652
0.652
-1
-1
-1
-1
-1
-1
-1
-1
-1
-1
-1
-1
-1
-1
-1
-1
-1
-1
-1
-1
-1
-1
-1
-1
-1
-1
-1
-1
-1
-1
0.348
0.348
0.348
0.348
0.348
0.348
0.348
0.348
0.348
0.348
0.484
0.484
0.484
0.484
0.484
0.484
0.484
0.484
0.484
0.484
-1
-1
-1
-1
-1
-1
-1
-1
-1
-1
0.911
0.911
0.911
0.911
0.911
0.911
0.911
0.911
0.911
0.911
0.824
0.824
0.824
0.824
0.824
0.824
0.824
0.824
0.824
0.824
-1
-1
-1
-1
-1
-1
-1
-1
-1
-1
-1
-1
-1
-1
-1
-1
-1
-1
-1
-1
0.662
0.662
0.662
0.662
0.662
0.662
0.662
0.662
0.662
0.662
0.688
0.688
0.688
0.688
0.688
0.688
0.688
0.688
0.688
0.688
-1
-1
-1
-1
-1
-1
-1
-1
-1
-1
0.788
0.788
0.788
0.788
0.788
0.788
0.788
0.788
0.788
0.788
-1
-1
-1
-1
-1
-1
-1
-1
-1
-1
0.811
0.811
0.811
0.811
0.811
0.811
0.811
0.811
0.811
0.811
-1
-1
-1
-1
-1
-1
-1
-1
-1
-1
0.697
0.697
0.697
0.697
0.697
0.697
0.697
0.697
0.697
0.697
0.412
0.412
0.412
0.412
0.412
0.412
0.412
0.412
0.412
0.412
-1
-1
-1
-1
-1
-1
-1
-1
-1
-1
-1
-1
-1
-1
-1
-1
-1
-1
-1
-1
-1
-1
-1
-1
-1
-1
-1
-1
-1
-1
0.812
0.812
0.812
0.812
0.812
0.812
0.812
0.812
0.812
0.812
0.625
0.625
0.625
0.625
0.625
0.625
0.625
0.625
0.625
0.625
0.812
0.812
0.812
0.812
0.812
0.812
0.812
0.812
0.812
0.812
0.896
0.896
0.896
0.896
0.896
0.896
0.896
0.896
0.896
0.896
0.667
0.667
0.667
0.667
0.667
0.667
0.667
0.667
0.667
0.667
0.828
0.828
0.828
0.828
0.828
0.828
0.828
0.828
0.828
0.828
0.652
0.652
0.652
0.652
0.652
0.652
0.652
0.652
0.652
0.652
-1
-1
-1
-1
-1
-1
-1
-1
-1
-1
0.667
0.667
0.667
0.667
0.667
0.667
0.667
0.667
0.667
0.667
-1
-1
-1
-1
-1
-1
-1
-1
-1
-1
0.203
0.203
0.203
0.203
0.203
0.203
0.203
0.203
0.203
0.203
0.691
0.691
0.691
0.691
0.691
0.691
0.691
0.691
0.691
0.691
