0.562
0.417
0.479
0.438
0.646
0.479
0.556
0.125
0.375
0.438
0.396
0.625
0.479
0.479
0.479
0.417
0.396
0.396
0.396
0.417
0.121
0.417
0.417
0.521
0.417
0.479
0.396
0.438
0.479
0.250
0.479
0.479
0.417
0.479
0.375
0.479
0.458
0.562
0.479
0.375
0.479
0.500
0.438
0.479
0.604
0.479
0.479
0.396
0.479
0.333
0.646
0.417
0.479
0.479
0.542
0.479
0.438
0.479
0.542
0.396
0.396
0.375
0.479
0.417
0.146
0.479
0.479
0.354
0.271
0.271
0.500
0.479
0.479
0.438
0.479
0.417
0.583
0.479
0.479
0.479
0.417
0.479
0.479
0.417
0.479
0.500
0.417
0.292
0.479
0.646
0.479
0.521
0.417
0.479
0.417
0.438
0.479
0.375
0.479
0.542
0.646
0.271
0.417
0.375
0.458
0.417
0.479
0.479
0.333
0.438
0.479
0.479
0.417
0.646
0.479
0.479
0.417
0.417
0.417
0.543
0.667
0.375
0.479
0.479
0.479
0.375
0.646
0.417
0.438
0.396
0.604
0.438
0.375
0.479
0.667
0.521
0.479
0.479
0.479
0.479
0.438
0.479
0.479
0.479
0.646
0.396
0.479
0.479
0.542
0.479
0.417
0.500
0.417
0.500
0.479
0.688
0.375
0.396
0.500
0.438
0.375
0.479
0.562
0.479
0.438
0.479
0.479
0.479
0.417
0.521
0.417
0.562
0.417
0.500
0.396
0.438
0.396
0.500
0.479
0.458
0.500
0.542
0.417
0.375
0.479
0.479
0.479
0.396
0.479
0.479
0.479
0.646
0.417
0.375
0.500
0.479
0.562
0.646
0.396
0.396
0.438
0.750
0.562
0.479
0.479
0.396
0.479
0.396
0.396
0.417
0.479
0.500
0.417
0.292
0.396
0.479
0.542
0.396
0.479
0.479
0.604
0.542
0.438
0.583
0.479
0.438
0.312
0.479
0.333
0.396
0.479
0.417
0.479
0.417
0.479
0.479
0.500
0.562
0.417
0.562
0.271
0.417
0.354
0.292
0.688
0.542
0.479
0.562
0.417
0.479
0.292
0.438
0.562
0.417
0.396
0.500
0.417
0.417
0.417
0.667
0.500
0.458
0.479
0.479
0.750
0.500
0.375
0.646
0.438
0.521
0.521
0.750
0.479
0.521
0.438
0.438
0.292
0.417
0.688
0.396
0.458
0.479
0.438
0.500
0.417
0.438
0.562
0.438
0.458
0.271
0.479
0.479
0.312
0.646
0.417
0.417
0.208
0.375
0.500
0.500
0.438
0.271
0.438
0.479
0.396
0.438
0.396
0.771
0.292
0.479
0.438
0.417
0.417
0.417
0.479
0.479
0.417
0.250
0.396
0.438
0.562
0.417
0.417
0.417
0.667
0.875
0.396
0.562
0.562
0.438
0.417
0.479
0.479
0.479
0.438
0.500
0.479
0.375
0.417
0.542
0.479
0.479
0.438
0.479
0.417
0.479
0.417
0.417
0.479
0.417
0.562
0.375
0.458
0.500
0.479
0.500
0.479
0.479
0.417
0.417
0.312
0.479
0.386
0.646
0.458
0.479
0.500
0.646
0.333
0.417
0.562
0.438
0.479
0.479
0.479
0.417
0.479
0.500
0.375
0.312
0.417
0.646
0.417
0.396
0.479
0.417
0.417
0.438
0.688
0.208
0.375
0.667
0.479
0.479
0.479
0.438
0.417
0.396
0.354
0.438
0.417
0.479
0.479
0.312
0.417
0.417
0.479
0.396
0.500
0.562
0.438
0.438
0.479
0.479
0.500
0.438
0.542
0.417
0.417
0.479
0.417
0.479
0.500
0.479
0.479
0.479
0.438
0.583
0.438
0.271
0.417
0.438
0.417
0.271
0.646
0.417
0.562
0.771
0.667
0.479
0.479
0.812
0.479
0.479
0.646
0.396
0.479
0.646
0.396
0.500
0.583
0.667
0.479
0.417
0.417
0.479
0.479
0.417
0.500
0.479
0.583
0.562
0.500
0.438
0.479
0.479
0.604
0.375
0.417
0.438
0.438
0.417
0.562
0.479
0.479
0.396
0.479
0.458
0.208
0.417
0.479
0.479
0.479
0.417
0.479
0.292
0.396
0.646
0.479
0.417
0.438
0.417
0.479
0.479
0.417
0.479
0.500
0.479
0.417
0.375
0.417
0.375
0.375
0.438
0.438
0.417
0.354
0.417
0.562
0.417
0.438
0.646
0.479
0.543
0.875
0.479
0.417
0.500
0.479
0.479
0.479
0.292
0.417
0.500
0.312
0.479
0.500
0.479
0.479
0.479
0.479
0.417
0.500
0.583
0.458
0.646
0.479
0.646
0.521
0.438
0.583
0.479
0.375
0.479
0.479
0.354
0.354
0.479
0.479
0.500
0.438
0.667
0.479
0.479
0.500
0.438
0.438
0.479
0.479
0.417
0.396
0.188
0.479
0.354
0.458
0.771
0.417
0.479
0.646
0.479
0.396
0.354
0.417
0.479
0.438
0.479
0.479
0.479
0.438
0.479
0.479
0.479
0.417
0.417
0.354
0.417
0.333
0.562
0.417
0.646
0.688
0.354
0.479
0.500
0.417
0.292
0.417
0.417
0.521
0.417
0.292
0.542
0.583
0.479
0.604
0.375
0.438
0.417
0.529
0.479
0.479
0.417
0.438
0.479
0.417
0.583
0.562
0.479
0.479
0.500
0.500
0.479
0.375
0.458
0.417
0.417
0.479
0.417
0.542
0.417
0.479
0.479
0.271
0.562
0.479
0.417
0.479
0.417
0.479
0.375
0.479
0.604
0.438
0.396
0.417
0.479
0.417
0.646
0.479
0.438
0.500
0.292
0.417
0.438
0.479
0.458
0.479
0.417
0.438
0.417
0.479
0.333
0.479
0.438
0.479
0.333
0.479
0.146
0.458
0.479
0.500
0.438
0.479
0.438
0.479
0.479
0.271
0.417
0.479
0.208
0.438
0.417
0.417
0.417
0.417
0.438
0.479
0.479
0.312
0.354
0.417
0.500
0.458
0.417
0.458
0.521
0.562
0.438
0.271
0.292
0.479
0.479
0.438
0.458
0.479
0.438
0.292
0.479
0.417
0.500
0.417
0.479
0.750
0.438
0.396
0.479
0.479
0.438
0.500
0.417
0.479
0.438
0.479
0.500
0.417
0.188
0.479
0.646
0.646
0.479
0.125
0.479
0.479
0.396
0.417
0.438
0.688
0.500
0.396
0.125
0.667
0.417
0.667
0.417
0.312
0.479
0.479
0.500
0.458
0.479
0.479
0.604
0.479
0.562
0.271
0.417
0.479
0.479
0.479
0.312
0.479
0.542
0.417
0.479
0.479
0.417
0.562
0.562
0.479
0.646
0.356
0.812
0.708
0.438
0.521
0.417
0.396
0.438
0.396
0.292
0.479
0.417
0.417
0.646
0.417
0.417
0.386
0.438
0.479
0.479
0.500
0.479
0.500
0.479
0.312
0.417
0.479
0.479
0.479
0.812
0.479
0.562
0.438
0.646
0.417
0.417
0.542
0.417
0.500
0.417
0.417
0.479
0.479
0.500
0.417
0.462
0.479
0.500
0.479
0.750
0.479
0.438
0.417
0.583
0.188
0.375
0.479
0.479
0.438
0.417
0.458
0.604
0.479
0.417
0.417
0.646
0.562
0.479
0.479
0.500
0.396
0.417
0.417
0.688
0.479
0.479
0.562
0.396
0.479
0.438
0.688
0.479
0.417
0.417
0.438
0.417
0.417
0.479
0.521
0.417
0.583
0.438
0.438
0.479
0.292
0.479
0.479
0.521
0.438
0.417
0.494
0.417
0.417
0.396
0.500
0.479
0.479
0.479
0.812
0.312
0.417
0.479
0.479
0.542
0.479
0.479
0.771
0.396
0.396
0.417
0.417
0.312
0.542
0.479
0.417
0.333
0.438
0.479
0.417
0.479
0.771
0.417
0.479
0.479
0.438
0.375
0.583
0.708
0.646
0.396
0.750
0.479
0.479
0.479
0.479
0.500
0.708
0.500
0.438
0.562
0.479
0.438
0.500
0.417
0.479
0.125
0.562
0.292
0.479
0.562
0.543
0.500
0.646
0.354
0.646
0.479
0.500
0.417
0.833
0.479
0.479
0.438
0.354
0.458
0.417
0.271
0.479
0.375
0.646
0.479
0.396
0.500
0.646
0.417
0.479
0.562
0.417
0.438
0.417
0.479
0.479
0.479
0.396
0.396
0.479
0.417
0.479
0.583
0.500
0.479
0.479
0.438
0.417
0.396
0.479
0.417
0.479
0.396
0.417
0.375
0.417
0.417
0.417
0.479
0.417
0.375
0.500
0.479
0.667
0.396
0.417
0.438
0.438
0.396
0.417
0.479
0.375
0.479
0.646
0.354
0.396
0.479
0.479
0.438
0.396
0.396
0.479
0.646
0.500
0.646
0.479
0.771
0.417
0.417
0.417
0.438
0.479
0.417
0.479
0.479
0.500
0.396
0.479
0.271
0.479
0.417
0.479
0.417
0.417
0.500
0.417
0.479
0.438
0.479
0.646
0.500
0.438
0.750
0.417
0.479
0.479
0.188
0.292
0.417
0.417
0.542
0.438
0.479
0.417
0.125
0.417
0.417
0.417
0.479
0.417
0.646
0.604
0.417
0.417
0.479
0.500
0.562
0.396
0.479
0.354
0.417
0.500
0.417
0.438
0.479
0.438
0.417
0.438
0.479
0.479
0.417
0.188
0.375
0.417
0.479
0.417
0.438
0.667
0.458
0.417
0.479
0.583
0.417
0.438
0.667
0.479
0.479
0.583
0.271
0.479
0.562
0.271
0.479
0.438
0.417
0.417
0.417
0.479
0.458
0.479
0.417
0.479
0.479
0.562
0.562
0.375
0.479
0.438
0.479
0.500
0.646
0.479
0.354
0.250
0.417
0.479
0.479
0.417
0.396
0.375
0.417
0.396
0.417
0.417
0.396
0.271
0.479
0.417
0.646
0.479
0.417
0.417
0.500
0.458
0.479
0.479
0.417
0.396
0.396
0.375
0.479
0.479
0.375
0.646
0.479
0.479
0.688
0.396
0.417
0.417
0.375
0.417
0.500
0.500
0.396
0.604
0.479
0.562
0.562
0.479
0.667
0.375
0.479
0.479
0.500
0.417
0.500
0.500
0.521
0.417
0.458
0.438
0.417
0.517
0.458
0.375
0.438
0.562
0.479
0.375
0.417
0.417
0.750
0.479
0.479
0.417
0.667
0.479
0.479
0.375
0.479
0.438
0.500
0.312
0.479
0.542
0.479
0.479
0.438
0.354
0.479
0.479
0.479
0.417
0.458
0.479
0.312
0.479
0.604
0.438
0.438
0.354
0.479
0.479
0.542
0.417
0.417
0.604
0.562
0.479
0.417
0.438
0.479
0.479
0.479
0.417
0.479
0.562
0.750
0.417
0.354
0.479
0.417
0.479
0.479
0.562
0.479
0.479
0.479
0.354
0.708
0.438
0.417
0.646
0.396
0.542
0.417
0.354
0.125
0.479
0.500
0.479
0.271
0.562
0.500
0.479
0.646
0.479
0.479
0.500
0.417
0.479
0.500
0.500
0.479
0.417
0.396
0.562
0.458
0.479
0.417
0.479
0.750
0.417
0.417
0.479
0.479
0.479
0.417
0.479
0.479
0.417
0.500
0.417
0.542
0.479
0.521
0.417
0.521
0.500
0.312
0.438
0.646
0.479
0.271
0.500
0.438
0.479
0.479
0.562
0.479
0.479
0.500
0.521
0.479
0.479
0.500
0.583
0.417
0.458
0.479
0.583
0.271
0.438
0.479
0.458
0.438
0.438
0.479
0.688
0.438
0.375
0.396
0.417
0.479
0.417
0.500
0.417
0.417
0.479
0.771
0.417
0.438
0.500
0.708
0.417
0.500
0.292
0.439
0.417
0.500
0.479
0.604
0.396
0.354
0.542
0.479
0.479
0.562
0.625
0.479
0.479
0.646
0.250
0.417
0.292
0.521
0.562
0.521
0.667
0.646
0.500
0.542
0.479
0.562
0.417
0.479
0.562
0.479
0.479
0.417
0.438
0.125
0.417
0.479
0.438
0.562
0.479
0.375
0.312
0.438
0.479
0.396
0.500
0.500
0.438
0.417
0.479
0.500
0.396
0.667
0.438
0.479
0.417
0.750
0.583
0.438
0.667
0.479
0.479
0.438
0.354
0.479
0.500
0.604
0.479
0.417
0.146
0.562
0.479
0.479
0.562
0.417
0.417
0.500
0.479
0.312
0.562
0.500
0.500
0.438
0.500
0.438
0.417
0.479
0.521
0.479
0.417
0.479
0.438
0.375
0.667
0.479
0.479
0.417
0.562
0.479
0.479
0.146
0.438
0.479
0.417
0.479
0.479
0.479
0.500
0.479
0.500
0.500
0.417
0.479
0.396
0.417
0.417
0.479
0.479
0.354
0.375
0.479
0.479
0.375
0.312
0.438
0.396
0.500
0.500
0.500
0.417
0.417
0.500
0.438
0.479
0.479
0.479
0.417
0.417
0.479
0.396
0.479
0.479
0.479
0.417
0.438
0.479
0.375
0.417
0.354
0.667
0.646
0.479
0.479
0.479
0.604
0.375
0.417
0.417
0.479
0.604
0.271
0.708
0.479
0.417
0.521
0.521
0.479
0.500
0.500
0.438
0.479
0.542
0.479
0.479
0.479
0.479
0.479
0.479
0.479
0.479
0.521
0.417
0.479
0.417
0.396
0.708
0.479
0.479
0.479
0.479
0.646
0.312
0.479
0.479
0.479
0.312
0.292
0.479
0.667
0.479
0.500
0.479
0.417
0.417
0.500
0.375
0.417
0.415
0.438
0.438
0.417
0.500
0.417
0.271
0.375
0.417
0.375
0.583
0.417
0.646
0.479
0.500
0.646
0.646
0.417
0.312
0.417
0.562
0.438
0.417
0.646
0.417
0.438
0.417
0.417
0.500
0.667
0.500
0.438
0.396
0.312
0.417
0.417
0.417
0.208
0.479
0.583
0.417
0.854
0.208
0.479
0.417
0.333
0.479
0.479
0.417
0.479
0.479
0.271
0.562
0.562
0.479
0.479
0.417
0.500
0.500
0.354
0.312
0.417
0.479
0.479
0.500
0.562
0.646
0.396
0.417
0.417
0.458
0.417
0.479
0.438
0.479
0.812
0.271
0.479
0.646
0.479
0.417
0.479
0.479
0.562
0.494
0.479
0.562
0.438
0.417
0.479
0.417
0.438
0.417
0.417
0.438
0.472
0.479
0.417
