0.396
0.458
0.458
0.500
0.500
0.500
0.500
0.500
0.500
0.458
0.479
0.479
0.479
0.479
0.479
0.479
0.479
0.479
0.479
0.479
0.438
0.312
0.438
0.438
0.438
0.438
0.438
0.438
0.438
0.438
0.417
0.417
0.417
0.417
0.417
0.417
0.479
0.417
0.417
0.417
0.500
0.500
0.500
0.500
0.500
0.500
0.500
0.500
0.500
0.500
0.521
0.521
0.521
0.521
0.521
0.521
0.521
0.521
0.521
0.521
0.479
0.479
0.479
0.479
0.479
0.479
0.479
0.479
0.479
0.479
0.479
0.479
0.479
0.479
0.479
0.479
0.479
0.479
0.479
0.479
0.312
0.458
0.458
0.312
0.312
0.312
0.312
0.312
0.479
0.458
0.500
0.500
0.500
0.500
0.500
0.500
0.438
0.500
0.500
0.500
0.438
0.438
0.438
0.438
0.438
0.438
0.438
0.438
0.438
0.438
0.500
0.500
0.500
0.500
0.500
0.500
0.500
0.500
0.500
0.500
0.688
0.688
0.688
0.688
0.688
0.688
0.688
0.688
0.688
0.688
0.458
0.458
0.458
0.458
0.458
0.458
0.458
0.458
0.458
0.458
0.438
0.438
0.438
0.438
0.438
0.438
0.438
0.500
0.438
0.438
0.500
0.500
0.500
0.500
0.500
0.500
0.500
0.500
0.500
0.500
0.479
0.479
0.479
0.479
0.375
0.479
0.479
0.479
0.479
0.479
0.417
0.417
0.229
0.417
0.562
0.500
0.562
0.500
0.417
0.562
0.500
0.500
0.500
0.500
0.500
0.500
0.500
0.500
0.500
0.500
0.479
0.479
0.479
0.479
0.479
0.479
0.479
0.479
0.479
0.479
0.750
0.750
0.750
0.750
0.750
0.750
0.750
0.750
0.750
0.750
0.417
0.417
0.458
0.417
0.417
0.417
0.438
0.417
0.417
0.417
0.396
0.583
0.583
0.583
0.583
0.583
0.583
0.583
0.583
0.479
0.417
0.417
0.417
0.417
0.417
0.417
0.417
0.417
0.417
0.417
0.438
0.438
0.438
0.438
0.438
0.438
0.438
0.438
0.438
0.438
0.500
0.312
0.125
0.312
0.500
0.312
0.479
0.583
0.500
0.312
0.542
0.479
0.479
0.479
0.562
0.458
0.479
0.562
0.542
0.479
0.479
0.229
0.479
0.479
0.479
0.229
0.479
0.479
0.479
0.479
0.438
0.438
0.438
0.438
0.438
0.438
0.438
0.438
0.438
0.438
0.479
0.479
0.479
0.479
0.479
0.479
0.479
0.479
0.479
0.479
0.479
0.479
0.479
0.415
0.415
0.415
0.479
0.479
0.415
0.479
0.479
0.479
0.479
0.479
0.479
0.479
0.479
0.479
0.479
0.479
0.500
0.500
0.500
0.500
0.500
0.500
0.500
0.500
0.500
0.438
0.479
0.417
0.417
0.417
0.417
0.417
0.479
0.417
0.417
0.479
0.438
0.438
0.438
0.438
0.438
0.438
0.438
0.438
0.438
0.479
0.312
0.312
0.312
0.500
0.312
0.458
0.458
0.312
0.312
0.500
0.417
0.417
0.417
0.417
0.417
0.417
0.417
0.521
0.417
0.417
0.479
0.479
0.479
0.479
0.479
0.438
0.458
0.479
0.479
0.479
0.438
0.438
0.438
0.438
0.438
0.500
0.438
0.438
0.438
0.438
0.438
0.438
0.500
0.438
0.438
0.438
0.438
0.438
0.500
0.500
0.438
0.417
0.417
0.417
0.458
0.417
0.417
0.417
0.417
0.417
0.417
0.417
0.417
0.479
0.479
0.500
0.479
0.417
0.479
0.479
0.417
0.417
0.417
0.417
0.375
0.417
0.417
0.604
0.417
0.417
0.521
0.521
0.521
0.521
0.521
0.521
0.417
0.521
0.521
0.521
0.438
0.438
0.438
0.438
0.438
0.438
0.438
0.438
0.354
0.438
0.438
0.438
0.438
0.438
0.438
0.438
0.438
0.438
0.438
0.438
0.438
0.438
0.438
0.438
0.438
0.438
0.438
0.500
0.438
0.438
0.438
0.438
0.438
0.438
0.438
0.438
0.438
0.438
0.438
0.438
0.354
0.375
0.521
0.354
0.354
0.521
0.458
0.354
0.354
0.375
0.625
0.625
0.625
0.625
0.625
0.625
0.625
0.625
0.625
0.625
