0.500
0.396
0.500
0.500
0.500
0.500
0.500
0.500
0.500
0.500
0.479
0.479
0.479
0.479
0.479
0.479
0.479
0.479
0.479
0.479
0.500
0.438
0.500
0.500
0.500
0.500
0.500
0.438
0.312
0.500
0.417
0.417
0.417
0.417
0.417
0.417
0.417
0.417
0.479
0.417
0.500
0.500
0.500
0.500
0.500
0.500
0.500
0.500
0.500
0.500
0.521
0.417
0.521
0.521
0.521
0.521
0.521
0.417
0.521
0.521
0.417
0.479
0.417
0.479
0.417
0.417
0.417
0.479
0.479
0.417
0.479
0.479
0.479
0.479
0.479
0.479
0.479
0.479
0.479
0.479
0.500
0.458
0.500
0.458
0.500
0.500
0.500
0.458
0.312
0.500
0.438
0.500
0.438
0.500
0.438
0.438
0.438
0.500
0.500
0.438
0.438
0.438
0.438
0.438
0.438
0.438
0.438
0.438
0.438
0.438
0.500
0.375
0.500
0.500
0.500
0.500
0.500
0.500
0.500
0.500
0.688
0.688
0.688
0.688
0.688
0.688
0.688
0.688
0.688
0.688
0.438
0.479
0.438
0.458
0.438
0.438
0.438
0.479
0.458
0.438
0.500
0.438
0.500
0.500
0.500
0.500
0.500
0.438
0.438
0.500
0.500
0.500
0.500
0.500
0.500
0.500
0.500
0.500
0.500
0.500
0.479
0.479
0.479
0.479
0.479
0.479
0.479
0.375
0.479
0.479
0.479
0.417
0.479
0.562
0.479
0.479
0.479
0.458
0.229
0.479
0.500
0.500
0.500
0.500
0.500
0.500
0.500
0.500
0.500
0.500
0.479
0.479
0.479
0.479
0.479
0.479
0.479
0.479
0.479
0.479
0.500
0.750
0.500
0.750
0.500
0.500
0.500
0.750
0.750
0.500
0.417
0.438
0.417
0.417
0.417
0.417
0.417
0.500
0.458
0.417
0.646
0.396
0.646
0.583
0.646
0.646
0.646
0.479
0.583
0.646
0.750
0.417
0.750
0.417
0.750
0.750
0.750
0.417
0.417
0.750
0.438
0.438
0.438
0.438
0.438
0.438
0.438
0.438
0.438
0.438
0.583
0.375
0.583
0.479
0.583
0.583
0.583
0.479
0.583
0.583
0.458
0.562
0.458
0.479
0.458
0.458
0.458
0.479
0.479
0.458
0.479
0.479
0.479
0.229
0.479
0.479
0.479
0.229
0.229
0.479
0.438
0.438
0.438
0.438
0.438
0.438
0.438
0.438
0.438
0.438
0.438
0.479
0.438
0.479
0.438
0.438
0.438
0.479
0.479
0.438
0.479
0.479
0.479
0.688
0.479
0.479
0.479
0.479
0.479
0.479
0.438
0.479
0.438
0.479
0.438
0.438
0.438
0.479
0.479
0.438
0.500
0.438
0.500
0.500
0.500
0.500
0.500
0.438
0.500
0.500
0.479
0.417
0.479
0.479
0.479
0.479
0.479
0.417
0.417
0.479
0.438
0.479
0.438
0.438
0.438
0.438
0.438
0.479
0.438
0.438
0.312
0.500
0.312
0.500
0.312
0.312
0.312
0.312
0.312
0.312
0.375
0.417
0.375
0.417
0.375
0.375
0.375
0.417
0.417
0.375
0.417
0.479
0.417
0.479
0.417
0.417
0.417
0.479
0.479
0.417
0.479
0.438
0.479
0.521
0.479
0.479
0.479
0.438
0.438
0.479
0.583
0.438
0.583
0.438
0.583
0.583
0.583
0.438
0.438
0.583
0.438
0.375
0.438
0.417
0.438
0.438
0.438
0.375
0.458
0.438
0.417
0.479
0.417
0.479
0.417
0.417
0.417
0.479
0.417
0.417
0.417
0.521
0.417
0.521
0.417
0.417
0.417
0.375
0.229
0.417
0.438
0.521
0.438
0.417
0.438
0.438
0.438
0.417
0.521
0.438
0.375
0.375
0.375
0.438
0.375
0.375
0.375
0.479
0.354
0.375
0.438
0.438
0.438
0.438
0.438
0.438
0.438
0.438
0.438
0.438
0.438
0.438
0.438
0.438
0.438
0.438
0.438
0.438
0.438
0.438
0.438
0.438
0.438
0.438
0.438
0.438
0.438
0.438
0.438
0.438
0.500
0.458
0.500
0.521
0.500
0.500
0.500
0.354
0.354
0.500
0.479
0.625
0.479
0.625
0.479
0.479
0.479
0.625
0.625
0.479
