0.500
0.458
0.438
0.500
0.354
0.438
0.438
0.125
0.312
0.500
0.604
0.625
0.479
0.438
0.479
0.438
0.479
0.458
0.500
0.542
0.688
0.438
0.479
0.521
0.500
0.396
0.542
0.625
0.438
0.438
0.438
0.438
0.438
0.438
0.375
0.479
0.438
0.500
0.521
0.438
0.479
0.438
0.708
0.500
0.604
0.479
0.458
0.500
0.458
0.479
0.417
0.479
0.500
0.542
0.500
0.375
0.458
0.479
0.667
0.479
0.667
0.500
0.479
0.375
0.438
0.521
0.375
0.458
0.354
0.500
0.479
0.438
0.479
0.521
0.438
0.438
0.438
0.479
0.438
0.438
0.438
0.229
0.438
0.500
0.542
0.438
0.479
0.292
0.375
0.417
0.417
0.500
0.500
0.479
0.479
0.438
0.750
0.438
0.750
0.542
0.479
0.500
0.479
0.500
0.458
0.562
0.479
0.521
0.500
0.417
0.479
0.375
0.479
0.750
0.438
0.479
0.375
0.417
0.479
0.438
0.667
0.500
0.500
0.438
0.500
0.500
0.500
0.479
0.500
0.479
0.479
0.271
0.375
0.750
0.667
0.312
0.375
0.438
0.438
0.396
0.458
0.417
0.562
0.417
0.542
0.479
0.479
0.438
0.479
0.438
0.458
0.500
0.479
0.438
0.479
0.375
0.479
0.396
0.479
0.438
0.667
0.438
0.271
0.479
0.479
0.396
0.625
0.438
0.375
0.375
0.417
0.438
0.479
0.500
0.458
0.312
0.646
0.629
0.500
0.458
0.500
0.500
0.250
0.375
0.479
0.438
0.479
0.458
0.479
0.500
0.479
0.271
0.479
0.500
0.479
0.396
0.458
0.500
0.396
0.438
0.438
0.438
0.479
0.438
0.625
0.417
0.479
0.479
0.500
0.396
0.479
0.438
0.479
0.292
0.458
0.375
0.479
0.250
0.438
0.312
0.438
0.479
0.479
0.312
0.438
0.438
0.688
0.438
0.438
0.417
0.417
0.479
0.500
0.521
0.521
0.479
0.438
0.562
0.375
0.417
0.583
0.417
0.500
0.708
0.688
0.542
0.479
0.562
0.438
0.500
0.438
0.458
0.562
0.500
0.417
0.500
0.438
0.417
0.521
0.438
0.417
0.479
0.479
0.521
0.792
0.500
0.500
0.562
0.494
0.688
0.438
0.750
0.458
0.438
0.438
0.438
0.479
0.438
0.500
0.396
0.417
0.500
0.438
0.438
0.479
0.375
0.479
0.479
0.500
0.271
0.292
0.479
0.521
0.542
0.438
0.438
0.417
0.396
0.500
0.500
0.479
0.500
0.438
0.500
0.500
0.667
0.500
0.771
0.479
0.458
0.479
0.479
0.438
0.458
0.750
0.521
0.521
0.250
0.500
0.438
0.438
0.646
0.479
0.542
0.667
0.875
0.396
0.438
0.479
0.438
0.438
0.438
0.292
0.500
0.479
0.500
0.500
0.375
0.417
0.500
0.667
0.500
0.438
0.479
0.438
0.479
0.479
0.500
0.625
0.479
0.438
0.479
0.458
0.479
0.562
0.417
0.375
0.542
0.417
0.438
0.312
0.438
0.500
0.438
0.375
0.750
0.500
0.417
0.438
0.479
0.417
0.438
0.438
0.479
0.521
0.438
0.479
0.500
0.375
0.292
0.500
0.542
0.417
0.312
0.542
0.542
0.479
0.500
0.479
0.417
0.479
0.396
0.438
0.271
0.479
0.438
0.625
0.479
0.438
0.438
0.500
0.438
0.688
0.646
0.396
0.312
0.479
0.479
0.417
0.438
0.500
0.479
0.542
0.500
0.500
0.708
0.688
0.625
0.646
0.500
0.479
0.479
0.500
0.438
0.354
0.438
0.438
0.479
0.479
0.438
0.479
0.396
0.562
0.438
0.438
0.500
0.542
0.771
0.667
0.417
0.479
0.667
0.500
0.479
0.500
0.438
0.375
0.479
0.500
0.438
0.375
0.458
0.458
0.438
0.312
0.479
0.479
0.500
0.500
0.438
0.125
0.479
0.521
0.479
0.417
0.562
0.229
0.604
0.375
0.438
0.500
0.500
0.312
0.479
0.396
0.458
0.479
0.500
0.417
0.542
0.438
0.542
0.521
0.417
0.500
0.438
0.438
0.625
0.500
0.625
0.500
0.375
0.438
0.438
0.438
0.438
0.479
0.521
0.562
0.375
0.479
0.375
0.750
0.479
0.646
0.479
0.417
0.479
0.438
0.479
0.521
0.438
0.458
0.438
0.875
0.375
0.417
0.542
0.479
0.438
0.479
0.479
0.479
0.438
0.312
0.479
0.458
0.479
0.375
0.500
0.250
0.438
0.438
0.438
0.312
0.646
0.479
0.521
0.458
0.500
0.521
0.494
0.521
0.147
0.417
0.688
0.479
0.479
0.354
0.667
0.438
0.625
0.438
0.479
0.542
0.458
0.438
0.479
0.479
0.417
0.396
0.646
0.521
0.438
0.500
0.500
0.438
0.542
0.500
0.396
0.417
0.479
0.375
0.500
0.500
0.312
0.438
0.417
0.667
0.479
0.479
0.479
0.438
0.375
0.417
0.479
0.521
0.562
0.417
0.500
0.500
0.333
0.479
0.500
0.417
0.438
0.417
0.479
0.625
0.458
0.479
0.542
0.438
0.438
0.479
0.688
0.438
0.438
0.529
0.438
0.500
0.521
0.438
0.458
0.479
0.500
0.479
0.438
0.438
0.562
0.500
0.458
0.250
0.458
0.438
0.438
0.354
0.438
0.458
0.479
0.625
0.479
0.417
0.479
0.562
0.438
0.479
0.500
0.438
0.479
0.438
0.667
0.688
0.375
0.500
0.562
0.375
0.500
0.438
0.438
0.417
0.292
0.417
0.438
0.479
0.354
0.312
0.375
0.479
0.375
0.438
0.646
0.479
0.375
0.479
0.438
0.479
0.375
0.417
0.458
0.500
0.500
0.438
0.438
0.562
0.438
0.479
0.438
0.479
0.375
0.500
0.438
0.438
0.500
0.438
0.667
0.375
0.521
0.375
0.375
0.417
0.500
0.542
0.438
0.306
0.438
0.417
0.500
0.521
0.500
0.438
0.438
0.500
0.458
0.479
0.562
0.479
0.479
0.500
0.438
0.438
0.438
0.438
0.438
0.500
0.479
0.479
0.500
0.375
0.479
0.500
0.479
0.479
0.438
0.438
0.688
0.479
0.438
0.438
0.562
0.125
0.479
0.562
0.438
0.438
0.521
0.688
0.438
0.396
0.438
0.438
0.396
0.667
0.562
0.479
0.438
0.417
0.500
0.312
0.500
0.479
0.479
0.479
0.521
0.479
0.312
0.375
0.521
0.479
0.458
0.500
0.750
0.562
0.500
0.458
0.479
0.438
0.500
0.438
0.438
0.356
0.521
0.708
0.396
0.438
0.375
0.542
0.500
0.479
0.375
0.438
0.438
0.438
0.542
0.479
0.688
0.562
0.500
0.438
0.438
0.542
0.438
0.500
0.500
0.562
0.500
0.479
0.458
0.479
0.500
0.479
0.562
0.438
0.438
0.458
0.521
0.542
0.438
0.542
0.438
0.458
0.438
0.438
0.500
0.250
0.438
0.500
0.417
0.375
0.479
0.438
0.438
0.479
0.583
0.521
0.375
0.417
0.479
0.438
0.438
0.521
0.500
0.438
0.479
0.521
0.479
0.458
0.521
0.479
0.500
0.500
0.438
0.438
0.479
0.312
0.417
0.458
0.438
0.438
0.500
0.375
0.479
0.479
0.479
0.438
0.521
0.438
0.479
0.500
0.479
0.438
0.438
0.438
0.458
0.500
0.438
0.479
0.479
0.479
0.479
0.494
0.438
0.500
0.479
0.500
0.479
0.417
0.479
0.542
0.521
0.438
0.438
0.479
0.438
0.438
0.438
0.375
0.438
0.417
0.438
0.479
0.542
0.500
0.458
0.646
0.479
0.479
0.438
0.438
0.542
0.521
0.479
0.438
0.750
0.542
0.479
0.375
0.708
0.417
0.438
0.479
0.479
0.438
0.417
0.542
0.500
0.708
0.438
0.438
0.500
0.438
0.438
0.750
0.438
0.542
0.646
0.417
0.417
0.479
0.500
0.438
0.438
0.479
0.417
0.458
0.500
0.458
0.417
0.521
0.479
0.250
0.458
0.500
0.417
0.479
0.312
0.479
0.479
0.521
0.479
0.667
0.500
0.417
0.479
0.479
0.312
0.438
0.438
0.438
0.521
0.479
0.438
0.500
0.479
0.438
0.438
0.146
0.458
0.438
0.458
0.438
0.438
0.500
0.312
0.479
0.417
0.646
0.500
0.500
0.306
0.458
0.542
0.375
0.438
0.479
0.479
0.375
0.500
0.667
0.438
0.375
0.667
0.438
0.438
0.479
0.479
0.375
0.479
0.646
0.479
0.750
0.500
0.438
0.438
0.375
0.479
0.375
0.438
0.500
0.438
0.417
0.583
0.458
0.417
0.438
0.500
0.479
0.438
0.438
0.479
0.500
0.375
0.479
0.271
0.479
0.438
0.312
0.479
0.438
0.417
0.438
0.438
0.458
0.260
0.646
0.500
0.521
0.750
0.479
0.479
0.458
0.417
0.292
0.479
0.375
0.542
0.438
0.438
0.438
0.479
0.375
0.438
0.417
0.354
0.438
0.438
0.479
0.375
0.438
0.438
0.646
0.521
0.521
0.479
0.375
0.479
0.438
0.417
0.438
0.438
0.479
0.375
0.500
0.479
0.438
0.479
0.479
0.479
0.396
0.375
0.479
0.438
0.625
0.438
0.646
0.438
0.500
0.479
0.479
0.458
0.604
0.458
0.250
0.479
0.375
0.562
0.438
0.479
0.438
0.500
0.438
0.438
0.479
0.458
0.438
0.438
0.479
0.458
0.438
0.417
0.562
0.562
0.646
0.479
0.500
0.479
0.458
0.354
0.438
0.479
0.500
0.438
0.438
0.500
0.500
0.479
0.479
0.521
0.479
0.438
0.667
0.479
0.229
0.479
0.438
0.438
0.375
0.438
0.500
0.479
0.438
0.438
0.438
0.542
0.438
0.479
0.438
0.542
0.500
0.479
0.438
0.667
0.479
0.438
0.500
0.375
0.438
0.438
0.500
0.500
0.500
0.375
0.542
0.479
0.417
0.396
0.375
0.438
0.479
0.417
0.438
0.500
0.438
0.479
0.542
0.438
0.438
0.438
0.438
0.438
0.312
0.438
0.479
0.438
0.438
0.438
0.479
0.147
0.438
0.354
0.375
0.667
0.438
0.625
0.500
0.479
0.438
0.500
0.521
0.438
0.583
0.438
0.500
0.500
0.354
0.458
0.375
0.625
0.479
0.500
0.479
0.479
0.479
0.479
0.312
0.500
0.562
0.479
0.438
0.542
0.438
0.479
0.458
0.438
0.438
0.271
0.500
0.458
0.500
0.250
0.417
0.438
0.750
0.750
0.438
0.375
0.438
0.750
0.479
0.479
0.479
0.542
0.479
0.438
0.438
0.417
0.417
0.438
0.479
0.479
0.646
0.479
0.500
0.458
0.479
0.438
0.479
0.271
0.479
0.458
0.604
0.521
0.479
0.479
0.500
0.417
0.417
0.438
0.438
0.479
0.479
0.479
0.562
0.458
0.479
0.479
0.688
0.500
0.646
0.417
0.542
0.417
0.438
0.375
0.521
0.438
0.479
0.458
0.500
0.438
0.521
0.458
0.500
0.438
0.562
0.438
0.500
0.417
0.479
0.271
0.458
0.438
0.438
0.604
0.562
0.438
0.438
0.438
0.438
0.438
0.438
0.438
0.583
0.479
0.479
0.375
0.583
0.458
0.438
0.500
0.500
0.417
0.583
0.438
0.438
0.500
0.438
0.500
0.542
0.479
0.417
0.500
0.438
0.458
0.438
0.479
0.438
0.750
0.438
0.521
0.438
0.438
0.438
0.562
0.438
0.562
0.438
0.479
0.521
0.354
0.417
0.147
0.479
0.438
0.625
0.375
0.375
0.500
0.250
0.417
0.292
0.479
0.479
0.438
0.396
0.750
0.500
0.542
0.438
0.458
0.438
0.479
0.375
0.417
0.354
0.458
0.521
0.521
0.479
0.417
0.375
0.458
0.667
0.604
0.312
0.583
0.438
0.479
0.625
0.438
0.500
0.438
0.458
0.438
0.417
0.667
0.458
0.500
0.500
0.750
0.479
0.458
0.479
0.500
0.500
0.438
0.396
0.417
0.500
0.458
0.479
0.438
0.375
0.458
0.438
0.542
0.438
0.375
0.479
0.500
0.500
0.458
0.438
0.438
0.438
0.500
0.417
0.542
0.438
0.479
0.438
0.479
0.500
0.583
0.438
0.854
0.667
0.479
0.479
0.458
0.562
0.479
0.500
0.146
0.500
0.667
0.500
0.521
0.458
0.479
0.438
0.479
0.479
0.438
0.458
0.479
0.500
0.479
0.562
0.479
0.479
0.354
0.354
0.479
0.417
0.479
0.208
0.542
0.500
0.500
0.500
0.500
0.438
0.521
0.583
0.479
0.458
0.438
0.479
0.438
0.438
0.479
0.438
0.479
0.542
0.500
0.500
0.500
0.271
0.375
0.438
0.521
0.667
0.479
0.479
0.500
0.500
0.479
0.500
0.479
0.479
0.521
0.604
0.438
0.708
0.229
0.438
0.396
0.479
0.458
0.479
0.438
0.438
0.375
0.542
0.438
0.417
0.479
0.479
0.521
0.479
0.438
0.438
0.500
0.500
0.438
0.438
0.438
0.708
0.375
0.438
0.542
0.458
0.438
0.438
0.479
0.438
0.417
0.312
0.479
0.438
0.667
0.542
0.500
0.438
0.646
0.438
0.479
0.312
0.375
0.415
0.500
0.750
0.438
0.500
0.375
0.354
0.375
0.438
0.646
0.667
0.479
0.479
0.500
0.500
0.500
0.438
0.438
0.438
0.500
0.667
0.479
0.438
0.417
0.438
0.500
0.438
0.438
0.479
0.500
0.417
0.479
0.417
0.562
0.479
0.521
0.500
0.375
0.312
0.333
0.479
0.854
0.521
0.583
0.479
0.479
0.500
0.542
0.500
0.438
0.458
0.479
0.438
0.417
0.438
0.438
0.500
0.479
0.583
0.396
0.396
0.417
0.438
0.521
0.438
0.562
0.688
0.438
0.438
0.417
0.562
0.562
0.438
0.438
0.438
0.479
0.438
0.438
0.521
0.375
0.417
0.417
0.500
0.438
0.438
0.479
0.562
0.438
0.500
0.479
0.479
0.500
0.375
0.479
0.479
0.472
0.479
0.438
