0.354
0.396
0.354
0.396
0.396
0.354
0.354
0.396
0.354
0.354
0.417
0.479
0.417
0.417
0.417
0.417
0.417
0.417
0.417
0.417
0.438
0.438
0.438
0.375
0.438
0.438
0.438
0.438
0.438
0.438
0.417
0.417
0.479
0.375
0.417
0.479
0.375
0.375
0.417
0.417
0.479
0.479
0.479
0.479
0.479
0.479
0.479
0.479
0.479
0.479
0.417
0.417
0.417
0.417
0.417
0.417
0.354
0.417
0.417
0.417
0.417
0.417
0.417
0.417
0.417
0.417
0.417
0.417
0.417
0.417
0.417
0.417
0.417
0.417
0.417
0.417
0.417
0.417
0.417
0.417
0.396
0.396
0.396
0.375
0.396
0.396
0.396
0.396
0.396
0.396
0.479
0.479
0.479
0.479
0.479
0.479
0.479
0.479
0.479
0.479
0.646
0.646
0.646
0.417
0.646
0.646
0.417
0.646
0.646
0.646
0.312
0.312
0.312
0.312
0.312
0.312
0.312
0.312
0.312
0.312
0.479
0.479
0.688
0.479
0.479
0.479
0.479
0.479
0.479
0.479
0.417
0.417
0.417
0.375
0.417
0.417
0.417
0.417
0.417
0.417
0.646
0.646
0.386
0.386
0.646
0.386
0.646
0.646
0.479
0.386
0.417
0.417
0.417
0.417
0.417
0.417
0.417
0.417
0.417
0.417
0.479
0.375
0.479
0.375
0.479
0.479
0.375
0.375
0.417
0.417
0.479
0.479
0.521
0.646
0.646
0.479
0.375
0.375
0.417
0.521
0.438
0.500
0.500
0.438
0.438
0.500
0.438
0.438
0.500
0.438
0.479
0.479
0.479
0.479
0.479
0.479
0.479
0.479
0.479
0.479
0.479
0.479
0.479
0.479
0.479
0.479
0.479
0.479
0.479
0.479
0.500
0.500
0.500
0.500
0.500
0.500
0.500
0.500
0.604
0.500
0.479
0.458
0.125
0.458
0.479
0.458
0.458
0.458
0.125
0.479
0.417
0.417
0.417
0.417
0.417
0.417
0.417
0.417
0.417
0.417
0.438
0.438
0.479
0.438
0.562
0.500
0.479
0.562
0.500
0.479
0.583
0.542
0.438
0.542
0.438
0.542
0.583
0.438
0.542
0.542
0.396
0.396
0.396
0.396
0.562
0.396
0.562
0.396
0.396
0.396
0.417
0.417
0.417
0.417
0.417
0.417
0.417
0.417
0.417
0.417
0.479
0.479
0.479
0.479
0.479
0.479
0.479
0.479
0.479
0.479
0.479
0.479
0.396
0.396
0.396
0.479
0.396
0.479
0.396
0.396
0.479
0.375
0.479
0.375
0.479
0.479
0.375
0.375
0.417
0.417
0.479
0.646
0.479
0.646
0.646
0.479
0.375
0.375
0.479
0.479
0.500
0.396
0.500
0.396
0.396
0.396
0.500
0.500
0.500
0.500
0.479
0.479
0.479
0.479
0.479
0.479
0.479
0.479
0.479
0.479
0.479
0.479
0.479
0.479
0.479
0.479
0.479
0.479
0.479
0.479
0.479
0.479
0.479
0.479
0.479
0.479
0.479
0.479
0.479
0.479
0.479
0.312
0.479
0.312
0.479
0.312
0.479
0.479
0.479
0.500
0.479
0.438
0.479
0.438
0.479
0.479
0.438
0.438
0.479
0.438
0.312
0.375
0.375
0.375
0.375
0.562
0.583
0.562
0.375
0.375
0.479
0.479
0.479
0.375
0.479
0.479
0.479
0.375
0.479
0.479
0.479
0.417
0.417
0.375
0.479
0.479
0.479
0.479
0.479
0.479
0.479
0.479
0.479
0.479
0.479
0.479
0.479
0.479
0.479
0.479
0.479
0.479
0.479
0.479
0.479
0.479
0.479
0.479
0.479
0.479
0.438
0.438
0.583
0.438
0.521
0.521
0.521
0.521
0.500
0.500
0.521
0.438
0.500
0.604
0.521
0.521
0.375
0.375
0.417
0.417
0.479
0.479
0.479
0.375
0.479
0.479
0.417
0.375
0.417
0.500
0.417
0.417
0.417
0.375
0.417
0.417
0.417
0.417
0.417
0.417
0.417
0.417
0.417
0.417
0.417
0.417
0.417
0.417
0.417
0.417
0.375
0.521
0.375
0.375
0.438
0.417
0.438
0.375
0.375
0.417
0.521
0.521
0.521
0.375
0.521
0.521
0.375
0.375
0.396
0.521
